1535118703,s3-eth1,0.00,0.00,0.00,0,0,0.00,0.00,0.00,0,0,0.00,0.00,0,0
1535118703,s1-eth2,0.00,0.00,0.00,0,0,0.00,0.00,0.00,0,0,0.00,0.00,0,0
1535118703,s2-eth1,0.00,0.00,0.00,0,0,0.00,0.00,0.00,0,0,0.00,0.00,0,0
1535118703,lo,0.00,0.00,0.00,0,0,0.00,0.00,0.00,0,0,0.00,0.00,0,0
1535118703,s3-eth2,0.00,0.00,0.00,0,0,0.00,0.00,0.00,0,0,0.00,0.00,0,0
1535118703,s1-eth1,0.00,0.00,0.00,0,0,0.00,0.00,0.00,0,0,0.00,0.00,0,0
1535118703,s2-eth2,0.00,0.00,0.00,0,0,0.00,0.00,0.00,0,0,0.00,0.00,0,0
1535118703,eth0,0.00,0.00,0.00,0,0,0.00,0.00,0.00,0,0,0.00,0.00,0,0
1535118703,total,0.00,0.00,0.00,0,0,0.00,0.00,0.00,0,0,0.00,0.00,0,0
1535118704,s3-eth1,5113138.00,48378.00,5161516.00,48378,5113138,749.00,731.00,1480.00,731,749,0.00,0.00,0,0
1535118704,s1-eth2,48722.00,5054690.00,5103412.00,5054690,48722,737.00,741.00,1478.00,741,737,0.00,0.00,0,0
1535118704,s2-eth1,5054690.00,48722.00,5103412.00,48722,5054690,741.00,737.00,1478.00,737,741,0.00,0.00,0,0
1535118704,lo,5640.00,5640.00,11280.00,5640,5640,60.00,60.00,120.00,60,60,0.00,0.00,0,0
1535118704,s3-eth2,47850.00,5178802.00,5226652.00,5178802,47850,723.00,757.00,1480.00,757,723,0.00,0.00,0,0
1535118704,s1-eth1,4989006.00,48472.00,5037478.00,48472,4989006,733.00,734.00,1467.00,734,733,0.00,0.00,0,0
1535118704,s2-eth2,48378.00,5113138.00,5161516.00,5113138,48378,731.00,749.00,1480.00,749,731,0.00,0.00,0,0
1535118704,eth0,0.00,0.00,0.00,0,0,0.00,0.00,0.00,0,0,0.00,0.00,0,0
1535118704,total,15307424.00,15497842.00,30805266.00,15497842,15307424,4474.00,4509.00,8983.00,4509,4474,0.00,0.00,0,0
1535118705,s3-eth1,6011588.00,54408.00,6065996.00,54408,6011588,826.00,824.00,1650.00,824,826,0.00,0.00,0,0
1535118705,s1-eth2,54342.00,6010008.00,6064350.00,6010008,54342,823.00,824.00,1647.00,824,823,0.00,0.00,0,0
1535118705,s2-eth1,6010008.00,54342.00,6064350.00,54342,6010008,824.00,823.00,1647.00,823,824,0.00,0.00,0,0
1535118705,lo,864.00,864.00,1728.00,864,864,9.00,9.00,18.00,9,9,0.00,0.00,0,0
1535118705,s3-eth2,54408.00,6013102.00,6067510.00,6013102,54408,824.00,827.00,1651.00,827,824,0.00,0.00,0,0
1535118705,s1-eth1,6012994.00,54408.00,6067402.00,54408,6012994,825.00,824.00,1649.00,824,825,0.00,0.00,0,0
1535118705,s2-eth2,54408.00,6011588.00,6065996.00,6011588,54408,824.00,826.00,1650.00,826,824,0.00,0.00,0,0
1535118705,eth0,0.00,0.00,0.00,0,0,0.00,0.00,0.00,0,0,0.00,0.00,0,0
1535118705,total,18198612.00,18198720.00,36397332.00,18198720,18198612,4955.00,4957.00,9912.00,4957,4955,0.00,0.00,0,0
1535118706,s3-eth1,6037128.00,55374.00,6092502.00,55374,6037128,840.00,839.00,1679.00,839,840,0.00,0.00,0,0
1535118706,s1-eth2,55374.00,6038708.00,6094082.00,6038708,55374,839.00,842.00,1681.00,842,839,0.00,0.00,0,0
1535118706,s2-eth1,6038708.00,55374.00,6094082.00,55374,6038708,842.00,839.00,1681.00,839,842,0.00,0.00,0,0
1535118706,lo,0.00,0.00,0.00,0,0,0.00,0.00,0.00,0,0,0.00,0.00,0,0
1535118706,s3-eth2,55374.00,6035614.00,6090988.00,6035614,55374,839.00,839.00,1678.00,839,839,0.00,0.00,0,0
1535118706,s1-eth1,6035812.00,55374.00,6091186.00,55374,6035812,842.00,839.00,1681.00,839,842,0.00,0.00,0,0
1535118706,s2-eth2,55374.00,6037128.00,6092502.00,6037128,55374,839.00,840.00,1679.00,840,839,0.00,0.00,0,0
1535118706,eth0,0.00,0.00,0.00,0,0,0.00,0.00,0.00,0,0,0.00,0.00,0,0
1535118706,total,18277770.00,18277572.00,36555344.00,18277572,18277770,5041.00,5038.00,10079.00,5038,5041,0.00,0.00,0,0
1535118707,s3-eth1,6034826.00,54516.00,6089342.00,54516,6034826,827.00,826.00,1653.00,826,827,0.00,0.00,0,0
1535118707,s1-eth2,54516.00,6027590.00,6082106.00,6027590,54516,826.00,827.00,1653.00,827,826,0.00,0.00,0,0
1535118707,s2-eth1,6027590.00,54516.00,6082106.00,54516,6027590,827.00,826.00,1653.00,826,827,0.00,0.00,0,0
1535118707,lo,804.00,804.00,1608.00,804,804,9.00,9.00,18.00,9,9,0.00,0.00,0,0
1535118707,s3-eth2,54586.00,6034756.00,6089342.00,6034756,54586,827.00,826.00,1653.00,826,827,0.00,0.00,0,0
1535118707,s1-eth1,6034896.00,54450.00,6089346.00,54450,6034896,828.00,825.00,1653.00,825,828,0.00,0.00,0,0
1535118707,s2-eth2,54516.00,6034826.00,6089342.00,6034826,54516,826.00,827.00,1653.00,827,826,0.00,0.00,0,0
1535118707,eth0,0.00,0.00,0.00,0,0,0.00,0.00,0.00,0,0,0.00,0.00,0,0
1535118707,total,18261734.00,18261458.00,36523192.00,18261458,18261734,4970.00,4966.00,9936.00,4966,4970,0.00,0.00,0,0
1535118708,s3-eth1,6046718.00,68916.00,6115634.00,68916,6046718,1073.00,1044.00,2117.00,1044,1073,0.00,0.00,0,0
1535118708,s1-eth2,69176.00,6055274.00,6124450.00,6055274,69176,1048.00,1071.00,2119.00,1071,1048,0.00,0.00,0,0
1535118708,s2-eth1,6055274.00,69176.00,6124450.00,69176,6055274,1071.00,1048.00,2119.00,1048,1071,0.00,0.00,0,0
1535118708,lo,2412.00,2412.00,4824.00,2412,2412,27.00,27.00,54.00,27,27,0.00,0.00,0,0
1535118708,s3-eth2,68520.00,6048364.00,6116884.00,6048364,68520,1038.00,1076.00,2114.00,1076,1038,0.00,0.00,0,0
1535118708,s1-eth1,6046392.00,69502.00,6115894.00,69502,6046392,1068.00,1053.00,2121.00,1053,1068,0.00,0.00,0,0
1535118708,s2-eth2,68916.00,6046718.00,6115634.00,6046718,68916,1044.00,1073.00,2117.00,1073,1044,0.00,0.00,0,0
1535118708,eth0,0.00,0.00,0.00,0,0,0.00,0.00,0.00,0,0,0.00,0.00,0,0
1535118708,total,18357408.00,18360362.00,36717768.00,18360362,18357408,6369.00,6392.00,12761.00,6392,6369,0.00,0.00,0,0
1535118709,s3-eth1,6052906.00,68376.00,6121282.00,68376,6052906,1101.00,1036.00,2137.00,1036,1101,0.00,0.00,0,0
1535118709,s1-eth2,68178.00,6050010.00,6118188.00,6050010,68178,1033.00,1101.00,2134.00,1101,1033,0.00,0.00,0,0
1535118709,s2-eth1,6050010.00,68178.00,6118188.00,68178,6050010,1101.00,1033.00,2134.00,1033,1101,0.00,0.00,0,0
1535118709,lo,0.00,0.00,0.00,0,0,0.00,0.00,0.00,0,0,0.00,0.00,0,0
1535118709,s3-eth2,68640.00,6051458.00,6120098.00,6051458,68640,1040.00,1101.00,2141.00,1101,1040,0.00,0.00,0,0
1535118709,s1-eth1,6051458.00,67914.00,6119372.00,67914,6051458,1101.00,1029.00,2130.00,1029,1101,0.00,0.00,0,0
1535118709,s2-eth2,68376.00,6052906.00,6121282.00,6052906,68376,1036.00,1101.00,2137.00,1101,1036,0.00,0.00,0,0
1535118709,eth0,0.00,0.00,0.00,0,0,0.00,0.00,0.00,0,0,0.00,0.00,0,0
1535118709,total,18359568.00,18358842.00,36718408.00,18358842,18359568,6412.00,6401.00,12813.00,6401,6412,0.00,0.00,0,0
1535118710,s3-eth1,6048496.00,66594.00,6115090.00,66594,6048496,1100.00,1009.00,2109.00,1009,1100,0.00,0.00,0,0
1535118710,s1-eth2,66594.00,6050010.00,6116604.00,6050010,66594,1009.00,1101.00,2110.00,1101,1009,0.00,0.00,0,0
1535118710,s2-eth1,6050010.00,66594.00,6116604.00,66594,6050010,1101.00,1009.00,2110.00,1009,1101,0.00,0.00,0,0
1535118710,lo,0.00,0.00,0.00,0,0,0.00,0.00,0.00,0,0,0.00,0.00,0,0
1535118710,s3-eth2,66594.00,6048496.00,6115090.00,6048496,66594,1009.00,1100.00,2109.00,1100,1009,0.00,0.00,0,0
1535118710,s1-eth1,6050010.00,66594.00,6116604.00,66594,6050010,1101.00,1009.00,2110.00,1009,1101,0.00,0.00,0,0
1535118710,s2-eth2,66594.00,6048496.00,6115090.00,6048496,66594,1009.00,1100.00,2109.00,1100,1009,0.00,0.00,0,0
1535118710,eth0,0.00,0.00,0.00,0,0,0.00,0.00,0.00,0,0,0.00,0.00,0,0
1535118710,total,18348298.00,18346784.00,36695080.00,18346784,18348298,6329.00,6328.00,12657.00,6328,6329,0.00,0.00,0,0
1535118711,s3-eth1,6056008.00,66594.00,6122602.00,66594,6056008,1104.00,1009.00,2113.00,1009,1104,0.00,0.00,0,0
1535118711,s1-eth2,66594.00,6048636.00,6115230.00,6048636,66594,1009.00,1102.00,2111.00,1102,1009,0.00,0.00,0,0
1535118711,s2-eth1,6048636.00,66594.00,6115230.00,66594,6048636,1102.00,1009.00,2111.00,1009,1102,0.00,0.00,0,0
1535118711,lo,1288.00,1288.00,2576.00,1288,1288,14.00,14.00,28.00,14,14,0.00,0.00,0,0
1535118711,s3-eth2,66664.00,6055938.00,6122602.00,6055938,66664,1010.00,1103.00,2113.00,1103,1010,0.00,0.00,0,0
1535118711,s1-eth1,6054564.00,66660.00,6121224.00,66660,6054564,1104.00,1010.00,2114.00,1010,1104,0.00,0.00,0,0
1535118711,s2-eth2,66594.00,6056008.00,6122602.00,6056008,66594,1009.00,1104.00,2113.00,1104,1009,0.00,0.00,0,0
1535118711,eth0,0.00,0.00,0.00,0,0,0.00,0.00,0.00,0,0,0.00,0.00,0,0
1535118711,total,18360348.00,18361718.00,36722064.00,18361718,18360348,6352.00,6351.00,12703.00,6351,6352,0.00,0.00,0,0
1535118712,s3-eth1,6050010.00,66870.00,6116880.00,66870,6050010,1101.00,1013.00,2114.00,1013,1101,0.00,0.00,0,0
1535118712,s1-eth2,66800.00,6055938.00,6122738.00,6055938,66800,1012.00,1103.00,2115.00,1103,1012,0.00,0.00,0,0
1535118712,s2-eth1,6055938.00,66800.00,6122738.00,66800,6055938,1103.00,1012.00,2115.00,1012,1103,0.00,0.00,0,0
1535118712,lo,1928.00,1928.00,3856.00,1928,1928,22.00,22.00,44.00,22,22,0.00,0.00,0,0
1535118712,s3-eth2,66804.00,6050010.00,6116814.00,6050010,66804,1012.00,1101.00,2113.00,1101,1012,0.00,0.00,0,0
1535118712,s1-eth1,6050080.00,66664.00,6116744.00,66664,6050080,1102.00,1010.00,2112.00,1010,1102,0.00,0.00,0,0
1535118712,s2-eth2,66870.00,6050010.00,6116880.00,6050010,66870,1013.00,1101.00,2114.00,1101,1013,0.00,0.00,0,0
1535118712,eth0,0.00,0.00,0.00,0,0,0.00,0.00,0.00,0,0,0.00,0.00,0,0
1535118712,total,18358430.00,18358220.00,36716648.00,18358220,18358430,6365.00,6362.00,12727.00,6362,6365,0.00,0.00,0,0
1535118713,s3-eth1,6050010.00,66660.00,6116670.00,66660,6050010,1101.00,1010.00,2111.00,1010,1101,0.00,0.00,0,0
1535118713,s1-eth2,66660.00,6050010.00,6116670.00,6050010,66660,1010.00,1101.00,2111.00,1101,1010,0.00,0.00,0,0
1535118713,s2-eth1,6050010.00,66660.00,6116670.00,66660,6050010,1101.00,1010.00,2111.00,1010,1101,0.00,0.00,0,0
1535118713,lo,0.00,0.00,0.00,0,0,0.00,0.00,0.00,0,0,0.00,0.00,0,0
1535118713,s3-eth2,66726.00,6050010.00,6116736.00,6050010,66726,1011.00,1101.00,2112.00,1101,1011,0.00,0.00,0,0
1535118713,s1-eth1,6050010.00,66660.00,6116670.00,66660,6050010,1101.00,1010.00,2111.00,1010,1101,0.00,0.00,0,0
1535118713,s2-eth2,66660.00,6050010.00,6116670.00,6050010,66660,1010.00,1101.00,2111.00,1101,1010,0.00,0.00,0,0
1535118713,eth0,0.00,0.00,0.00,0,0,0.00,0.00,0.00,0,0,0.00,0.00,0,0
1535118713,total,18350076.00,18350010.00,36700088.00,18350010,18350076,6334.00,6333.00,12667.00,6333,6334,0.00,0.00,0,0
1535118714,s3-eth1,6055868.00,66594.00,6122462.00,66594,6055868,1102.00,1009.00,2111.00,1009,1102,0.00,0.00,0,0
1535118714,s1-eth2,66660.00,6055868.00,6122528.00,6055868,66660,1010.00,1102.00,2112.00,1102,1010,0.00,0.00,0,0
1535118714,s2-eth1,6055868.00,66660.00,6122528.00,66660,6055868,1102.00,1010.00,2112.00,1010,1102,0.00,0.00,0,0
1535118714,lo,0.00,0.00,0.00,0,0,0.00,0.00,0.00,0,0,0.00,0.00,0,0
1535118714,s3-eth2,66594.00,6055868.00,6122462.00,6055868,66594,1009.00,1102.00,2111.00,1102,1009,0.00,0.00,0,0
1535118714,s1-eth1,6055868.00,66660.00,6122528.00,66660,6055868,1102.00,1010.00,2112.00,1010,1102,0.00,0.00,0,0
1535118714,s2-eth2,66594.00,6055868.00,6122462.00,6055868,66594,1009.00,1102.00,2111.00,1102,1009,0.00,0.00,0,0
1535118714,eth0,0.00,0.00,0.00,0,0,0.00,0.00,0.00,0,0,0.00,0.00,0,0
1535118714,total,18367452.00,18367518.00,36734968.00,18367518,18367452,6334.00,6335.00,12669.00,6335,6334,0.00,0.00,0,0
1535118715,s3-eth1,6048496.00,66660.00,6115156.00,66660,6048496,1100.00,1010.00,2110.00,1010,1100,0.00,0.00,0,0
1535118715,s1-eth2,66594.00,6048496.00,6115090.00,6048496,66594,1009.00,1100.00,2109.00,1100,1009,0.00,0.00,0,0
1535118715,s2-eth1,6048496.00,66594.00,6115090.00,66594,6048496,1100.00,1009.00,2109.00,1009,1100,0.00,0.00,0,0
1535118715,lo,0.00,0.00,0.00,0,0,0.00,0.00,0.00,0,0,0.00,0.00,0,0
1535118715,s3-eth2,66660.00,6048496.00,6115156.00,6048496,66660,1010.00,1100.00,2110.00,1100,1010,0.00,0.00,0,0
1535118715,s1-eth1,6048496.00,66594.00,6115090.00,66594,6048496,1100.00,1009.00,2109.00,1009,1100,0.00,0.00,0,0
1535118715,s2-eth2,66660.00,6048496.00,6115156.00,6048496,66660,1010.00,1100.00,2110.00,1100,1010,0.00,0.00,0,0
1535118715,eth0,0.00,0.00,0.00,0,0,0.00,0.00,0.00,0,0,0.00,0.00,0,0
1535118715,total,18345402.00,18345336.00,36690736.00,18345336,18345402,6329.00,6328.00,12657.00,6328,6329,0.00,0.00,0,0
1535118716,s3-eth1,6055868.00,66594.00,6122462.00,66594,6055868,1102.00,1009.00,2111.00,1009,1102,0.00,0.00,0,0
1535118716,s1-eth2,66660.00,6055868.00,6122528.00,6055868,66660,1010.00,1102.00,2112.00,1102,1010,0.00,0.00,0,0
1535118716,s2-eth1,6055868.00,66660.00,6122528.00,66660,6055868,1102.00,1010.00,2112.00,1010,1102,0.00,0.00,0,0
1535118716,lo,344.00,344.00,688.00,344,344,6.00,6.00,12.00,6,6,0.00,0.00,0,0
1535118716,s3-eth2,66594.00,6055868.00,6122462.00,6055868,66594,1009.00,1102.00,2111.00,1102,1009,0.00,0.00,0,0
1535118716,s1-eth1,6055868.00,66660.00,6122528.00,66660,6055868,1102.00,1010.00,2112.00,1010,1102,0.00,0.00,0,0
1535118716,s2-eth2,66594.00,6055868.00,6122462.00,6055868,66594,1009.00,1102.00,2111.00,1102,1009,0.00,0.00,0,0
1535118716,eth0,0.00,0.00,0.00,0,0,0.00,0.00,0.00,0,0,0.00,0.00,0,0
1535118716,total,18367796.00,18367862.00,36735656.00,18367862,18367796,6340.00,6341.00,12681.00,6341,6340,0.00,0.00,0,0
1535118717,s3-eth1,6050010.00,66660.00,6116670.00,66660,6050010,1101.00,1010.00,2111.00,1010,1101,0.00,0.00,0,0
1535118717,s1-eth2,66594.00,6050010.00,6116604.00,6050010,66594,1009.00,1101.00,2110.00,1101,1009,0.00,0.00,0,0
1535118717,s2-eth1,6050010.00,66594.00,6116604.00,66594,6050010,1101.00,1009.00,2110.00,1009,1101,0.00,0.00,0,0
1535118717,lo,172.00,172.00,344.00,172,172,3.00,3.00,6.00,3,3,0.00,0.00,0,0
1535118717,s3-eth2,66660.00,6050010.00,6116670.00,6050010,66660,1010.00,1101.00,2111.00,1101,1010,0.00,0.00,0,0
1535118717,s1-eth1,6050010.00,66594.00,6116604.00,66594,6050010,1101.00,1009.00,2110.00,1009,1101,0.00,0.00,0,0
1535118717,s2-eth2,66660.00,6050010.00,6116670.00,6050010,66660,1010.00,1101.00,2111.00,1101,1010,0.00,0.00,0,0
1535118717,eth0,0.00,0.00,0.00,0,0,0.00,0.00,0.00,0,0,0.00,0.00,0,0
1535118717,total,18350116.00,18350050.00,36700168.00,18350050,18350116,6335.00,6334.00,12669.00,6334,6335,0.00,0.00,0,0
1535118718,s3-eth1,6050010.00,66594.00,6116604.00,66594,6050010,1101.00,1009.00,2110.00,1009,1101,0.00,0.00,0,0
1535118718,s1-eth2,66594.00,6050010.00,6116604.00,6050010,66594,1009.00,1101.00,2110.00,1101,1009,0.00,0.00,0,0
1535118718,s2-eth1,6050010.00,66594.00,6116604.00,66594,6050010,1101.00,1009.00,2110.00,1009,1101,0.00,0.00,0,0
1535118718,lo,0.00,0.00,0.00,0,0,0.00,0.00,0.00,0,0,0.00,0.00,0,0
1535118718,s3-eth2,66594.00,6050010.00,6116604.00,6050010,66594,1009.00,1101.00,2110.00,1101,1009,0.00,0.00,0,0
1535118718,s1-eth1,6055868.00,66594.00,6122462.00,66594,6055868,1102.00,1009.00,2111.00,1009,1102,0.00,0.00,0,0
1535118718,s2-eth2,66594.00,6055868.00,6122462.00,6055868,66594,1009.00,1102.00,2111.00,1102,1009,0.00,0.00,0,0
1535118718,eth0,0.00,0.00,0.00,0,0,0.00,0.00,0.00,0,0,0.00,0.00,0,0
1535118718,total,18355670.00,18355670.00,36711340.00,18355670,18355670,6331.00,6331.00,12662.00,6331,6331,0.00,0.00,0,0
1535118719,s3-eth1,6053430.00,66462.00,6119892.00,66462,6053430,1087.00,1007.00,2094.00,1007,1087,0.00,0.00,0,0
1535118719,s1-eth2,66528.00,6053430.00,6119958.00,6053430,66528,1008.00,1087.00,2095.00,1087,1008,0.00,0.00,0,0
1535118719,s2-eth1,6053430.00,66528.00,6119958.00,66528,6053430,1087.00,1008.00,2095.00,1008,1087,0.00,0.00,0,0
1535118719,lo,0.00,0.00,0.00,0,0,0.00,0.00,0.00,0,0,0.00,0.00,0,0
1535118719,s3-eth2,66462.00,6053430.00,6119892.00,6053430,66462,1007.00,1087.00,2094.00,1087,1007,0.00,0.00,0,0
1535118719,s1-eth1,6047572.00,66528.00,6114100.00,66528,6047572,1086.00,1008.00,2094.00,1008,1086,0.00,0.00,0,0
1535118719,s2-eth2,66462.00,6047572.00,6114034.00,6047572,66462,1007.00,1086.00,2093.00,1086,1007,0.00,0.00,0,0
1535118719,eth0,0.00,0.00,0.00,0,0,0.00,0.00,0.00,0,0,0.00,0.00,0,0
1535118719,total,18353884.00,18353950.00,36707832.00,18353950,18353884,6282.00,6283.00,12565.00,6283,6282,0.00,0.00,0,0
1535118720,s3-eth1,5780344.00,63690.00,5844034.00,63690,5780344,1052.00,965.00,2017.00,965,1052,0.00,0.00,0,0
1535118720,s1-eth2,63624.00,5774486.00,5838110.00,5774486,63624,964.00,1051.00,2015.00,1051,964,0.00,0.00,0,0
1535118720,s2-eth1,5774486.00,63624.00,5838110.00,63624,5774486,1051.00,964.00,2015.00,964,1051,0.00,0.00,0,0
1535118720,lo,0.00,0.00,0.00,0,0,0.00,0.00,0.00,0,0,0.00,0.00,0,0
1535118720,s3-eth2,63624.00,5780344.00,5843968.00,5780344,63624,964.00,1052.00,2016.00,1052,964,0.00,0.00,0,0
1535118720,s1-eth1,5780344.00,63624.00,5843968.00,63624,5780344,1052.00,964.00,2016.00,964,1052,0.00,0.00,0,0
1535118720,s2-eth2,63690.00,5780344.00,5844034.00,5780344,63690,965.00,1052.00,2017.00,1052,965,0.00,0.00,0,0
1535118720,eth0,0.00,0.00,0.00,0,0,0.00,0.00,0.00,0,0,0.00,0.00,0,0
1535118720,total,17526112.00,17526112.00,35052224.00,17526112,17526112,6048.00,6048.00,12096.00,6048,6048,0.00,0.00,0,0
1535118721,s3-eth1,6052386.00,70422.00,6122808.00,70422,6052386,1137.00,1067.00,2204.00,1067,1137,0.00,0.00,0,0
1535118721,s1-eth2,70422.00,6058244.00,6128666.00,6058244,70422,1067.00,1138.00,2205.00,1138,1067,0.00,0.00,0,0
1535118721,s2-eth1,6058244.00,70422.00,6128666.00,70422,6058244,1138.00,1067.00,2205.00,1067,1138,0.00,0.00,0,0
1535118721,lo,344.00,344.00,688.00,344,344,6.00,6.00,12.00,6,6,0.00,0.00,0,0
1535118721,s3-eth2,70488.00,6052386.00,6122874.00,6052386,70488,1068.00,1137.00,2205.00,1137,1068,0.00,0.00,0,0
1535118721,s1-eth1,6052386.00,70422.00,6122808.00,70422,6052386,1137.00,1067.00,2204.00,1067,1137,0.00,0.00,0,0
1535118721,s2-eth2,70422.00,6052386.00,6122808.00,6052386,70422,1067.00,1137.00,2204.00,1137,1067,0.00,0.00,0,0
1535118721,eth0,0.00,0.00,0.00,0,0,0.00,0.00,0.00,0,0,0.00,0.00,0,0
1535118721,total,18374692.00,18374626.00,36749320.00,18374626,18374692,6620.00,6619.00,13239.00,6619,6620,0.00,0.00,0,0
1535118722,s3-eth1,5976686.00,65736.00,6042422.00,65736,5976686,1087.00,996.00,2083.00,996,1087,0.00,0.00,0,0
1535118722,s1-eth2,65736.00,5976686.00,6042422.00,5976686,65736,996.00,1087.00,2083.00,1087,996,0.00,0.00,0,0
1535118722,s2-eth1,5976686.00,65736.00,6042422.00,65736,5976686,1087.00,996.00,2083.00,996,1087,0.00,0.00,0,0
1535118722,lo,172.00,172.00,344.00,172,172,3.00,3.00,6.00,3,3,0.00,0.00,0,0
1535118722,s3-eth2,65736.00,5976686.00,6042422.00,5976686,65736,996.00,1087.00,2083.00,1087,996,0.00,0.00,0,0
1535118722,s1-eth1,5976686.00,65736.00,6042422.00,65736,5976686,1087.00,996.00,2083.00,996,1087,0.00,0.00,0,0
1535118722,s2-eth2,65736.00,5976686.00,6042422.00,5976686,65736,996.00,1087.00,2083.00,1087,996,0.00,0.00,0,0
1535118722,eth0,0.00,0.00,0.00,0,0,0.00,0.00,0.00,0,0,0.00,0.00,0,0
1535118722,total,18127438.00,18127438.00,36254876.00,18127438,18127438,6252.00,6252.00,12504.00,6252,6252,0.00,0.00,0,0
1535118723,s3-eth1,6050010.00,66660.00,6116670.00,66660,6050010,1101.00,1010.00,2111.00,1010,1101,0.00,0.00,0,0
1535118723,s1-eth2,66660.00,6050010.00,6116670.00,6050010,66660,1010.00,1101.00,2111.00,1101,1010,0.00,0.00,0,0
1535118723,s2-eth1,6050010.00,66660.00,6116670.00,66660,6050010,1101.00,1010.00,2111.00,1010,1101,0.00,0.00,0,0
1535118723,lo,0.00,0.00,0.00,0,0,0.00,0.00,0.00,0,0,0.00,0.00,0,0
1535118723,s3-eth2,66594.00,6050010.00,6116604.00,6050010,66594,1009.00,1101.00,2110.00,1101,1009,0.00,0.00,0,0
1535118723,s1-eth1,6050010.00,66660.00,6116670.00,66660,6050010,1101.00,1010.00,2111.00,1010,1101,0.00,0.00,0,0
1535118723,s2-eth2,66660.00,6050010.00,6116670.00,6050010,66660,1010.00,1101.00,2111.00,1101,1010,0.00,0.00,0,0
1535118723,eth0,0.00,0.00,0.00,0,0,0.00,0.00,0.00,0,0,0.00,0.00,0,0
1535118723,total,18349944.00,18350010.00,36699952.00,18350010,18349944,6332.00,6333.00,12665.00,6333,6332,0.00,0.00,0,0
1535118724,s3-eth1,6055934.00,66594.00,6122528.00,66594,6055934,1103.00,1009.00,2112.00,1009,1103,0.00,0.00,0,0
1535118724,s1-eth2,66660.00,6050076.00,6116736.00,6050076,66660,1010.00,1102.00,2112.00,1102,1010,0.00,0.00,0,0
1535118724,s2-eth1,6050076.00,66660.00,6116736.00,66660,6050076,1102.00,1010.00,2112.00,1010,1102,0.00,0.00,0,0
1535118724,lo,0.00,0.00,0.00,0,0,0.00,0.00,0.00,0,0,0.00,0.00,0,0
1535118724,s3-eth2,66660.00,6053038.00,6119698.00,6053038,66660,1010.00,1103.00,2113.00,1103,1010,0.00,0.00,0,0
1535118724,s1-eth1,6055934.00,66792.00,6122726.00,66792,6055934,1103.00,1012.00,2115.00,1012,1103,0.00,0.00,0,0
1535118724,s2-eth2,66594.00,6055934.00,6122528.00,6055934,66594,1009.00,1103.00,2112.00,1103,1009,0.00,0.00,0,0
1535118724,eth0,0.00,0.00,0.00,0,0,0.00,0.00,0.00,0,0,0.00,0.00,0,0
1535118724,total,18361858.00,18359094.00,36720952.00,18359094,18361858,6337.00,6339.00,12676.00,6339,6337,0.00,0.00,0,0
1535118725,s3-eth1,6053178.00,72072.00,6125250.00,72072,6053178,1149.00,1092.00,2241.00,1092,1149,0.00,0.00,0,0
1535118725,s1-eth2,72006.00,6059036.00,6131042.00,6059036,72006,1091.00,1150.00,2241.00,1150,1091,0.00,0.00,0,0
1535118725,s2-eth1,6059036.00,72006.00,6131042.00,72006,6059036,1150.00,1091.00,2241.00,1091,1150,0.00,0.00,0,0
1535118725,lo,0.00,0.00,0.00,0,0,0.00,0.00,0.00,0,0,0.00,0.00,0,0
1535118725,s3-eth2,72006.00,6056074.00,6128080.00,6056074,72006,1091.00,1149.00,2240.00,1149,1091,0.00,0.00,0,0
1535118725,s1-eth1,6053178.00,71874.00,6125052.00,71874,6053178,1149.00,1089.00,2238.00,1089,1149,0.00,0.00,0,0
1535118725,s2-eth2,72072.00,6053178.00,6125250.00,6053178,72072,1092.00,1149.00,2241.00,1149,1092,0.00,0.00,0,0
1535118725,eth0,0.00,0.00,0.00,0,0,0.00,0.00,0.00,0,0,0.00,0.00,0,0
1535118725,total,18381476.00,18384240.00,36765716.00,18384240,18381476,6722.00,6720.00,13442.00,6720,6722,0.00,0.00,0,0
1535118726,s3-eth1,6054354.00,66594.00,6120948.00,66594,6054354,1101.00,1009.00,2110.00,1009,1101,0.00,0.00,0,0
1535118726,s1-eth2,66594.00,6048496.00,6115090.00,6048496,66594,1009.00,1100.00,2109.00,1100,1009,0.00,0.00,0,0
1535118726,s2-eth1,6048496.00,66594.00,6115090.00,66594,6048496,1100.00,1009.00,2109.00,1009,1100,0.00,0.00,0,0
1535118726,lo,344.00,344.00,688.00,344,344,6.00,6.00,12.00,6,6,0.00,0.00,0,0
1535118726,s3-eth2,66660.00,6054354.00,6121014.00,6054354,66660,1010.00,1101.00,2111.00,1101,1010,0.00,0.00,0,0
1535118726,s1-eth1,6050010.00,66594.00,6116604.00,66594,6050010,1101.00,1009.00,2110.00,1009,1101,0.00,0.00,0,0
1535118726,s2-eth2,66594.00,6054354.00,6120948.00,6054354,66594,1009.00,1101.00,2110.00,1101,1009,0.00,0.00,0,0
1535118726,eth0,0.00,0.00,0.00,0,0,0.00,0.00,0.00,0,0,0.00,0.00,0,0
1535118726,total,18353052.00,18357330.00,36710384.00,18357330,18353052,6336.00,6335.00,12671.00,6335,6336,0.00,0.00,0,0
1535118727,s3-eth1,6050010.00,66594.00,6116604.00,66594,6050010,1101.00,1009.00,2110.00,1009,1101,0.00,0.00,0,0
1535118727,s1-eth2,66660.00,6055868.00,6122528.00,6055868,66660,1010.00,1102.00,2112.00,1102,1010,0.00,0.00,0,0
1535118727,s2-eth1,6055868.00,66660.00,6122528.00,66660,6055868,1102.00,1010.00,2112.00,1010,1102,0.00,0.00,0,0
1535118727,lo,172.00,172.00,344.00,172,172,3.00,3.00,6.00,3,3,0.00,0.00,0,0
1535118727,s3-eth2,66594.00,6050010.00,6116604.00,6050010,66594,1009.00,1101.00,2110.00,1101,1009,0.00,0.00,0,0
1535118727,s1-eth1,6054354.00,66660.00,6121014.00,66660,6054354,1101.00,1010.00,2111.00,1010,1101,0.00,0.00,0,0
1535118727,s2-eth2,66594.00,6050010.00,6116604.00,6050010,66594,1009.00,1101.00,2110.00,1101,1009,0.00,0.00,0,0
1535118727,eth0,0.00,0.00,0.00,0,0,0.00,0.00,0.00,0,0,0.00,0.00,0,0
1535118727,total,18360252.00,18355974.00,36716224.00,18355974,18360252,6335.00,6336.00,12671.00,6336,6335,0.00,0.00,0,0
1535118728,s3-eth1,6050010.00,66660.00,6116670.00,66660,6050010,1101.00,1010.00,2111.00,1010,1101,0.00,0.00,0,0
1535118728,s1-eth2,66594.00,6050010.00,6116604.00,6050010,66594,1009.00,1101.00,2110.00,1101,1009,0.00,0.00,0,0
1535118728,s2-eth1,6050010.00,66594.00,6116604.00,66594,6050010,1101.00,1009.00,2110.00,1009,1101,0.00,0.00,0,0
1535118728,lo,0.00,0.00,0.00,0,0,0.00,0.00,0.00,0,0,0.00,0.00,0,0
1535118728,s3-eth2,66660.00,6050010.00,6116670.00,6050010,66660,1010.00,1101.00,2111.00,1101,1010,0.00,0.00,0,0
1535118728,s1-eth1,6050010.00,66594.00,6116604.00,66594,6050010,1101.00,1009.00,2110.00,1009,1101,0.00,0.00,0,0
1535118728,s2-eth2,66660.00,6050010.00,6116670.00,6050010,66660,1010.00,1101.00,2111.00,1101,1010,0.00,0.00,0,0
1535118728,eth0,0.00,0.00,0.00,0,0,0.00,0.00,0.00,0,0,0.00,0.00,0,0
1535118728,total,18349944.00,18349878.00,36699824.00,18349878,18349944,6332.00,6331.00,12663.00,6331,6332,0.00,0.00,0,0
1535118729,s3-eth1,6055868.00,66594.00,6122462.00,66594,6055868,1102.00,1009.00,2111.00,1009,1102,0.00,0.00,0,0
1535118729,s1-eth2,66594.00,6055868.00,6122462.00,6055868,66594,1009.00,1102.00,2111.00,1102,1009,0.00,0.00,0,0
1535118729,s2-eth1,6055868.00,66594.00,6122462.00,66594,6055868,1102.00,1009.00,2111.00,1009,1102,0.00,0.00,0,0
1535118729,lo,0.00,0.00,0.00,0,0,0.00,0.00,0.00,0,0,0.00,0.00,0,0
1535118729,s3-eth2,66594.00,6055868.00,6122462.00,6055868,66594,1009.00,1102.00,2111.00,1102,1009,0.00,0.00,0,0
1535118729,s1-eth1,6055868.00,66660.00,6122528.00,66660,6055868,1102.00,1010.00,2112.00,1010,1102,0.00,0.00,0,0
1535118729,s2-eth2,66594.00,6055868.00,6122462.00,6055868,66594,1009.00,1102.00,2111.00,1102,1009,0.00,0.00,0,0
1535118729,eth0,0.00,0.00,0.00,0,0,0.00,0.00,0.00,0,0,0.00,0.00,0,0
1535118729,total,18367386.00,18367452.00,36734840.00,18367452,18367386,6333.00,6334.00,12667.00,6334,6333,0.00,0.00,0,0
1535118730,s3-eth1,6042638.00,66594.00,6109232.00,66594,6042638,1099.00,1009.00,2108.00,1009,1099,0.00,0.00,0,0
1535118730,s1-eth2,66594.00,6042638.00,6109232.00,6042638,66594,1009.00,1099.00,2108.00,1099,1009,0.00,0.00,0,0
1535118730,s2-eth1,6042638.00,66594.00,6109232.00,66594,6042638,1099.00,1009.00,2108.00,1009,1099,0.00,0.00,0,0
1535118730,lo,0.00,0.00,0.00,0,0,0.00,0.00,0.00,0,0,0.00,0.00,0,0
1535118730,s3-eth2,66528.00,6042638.00,6109166.00,6042638,66528,1008.00,1099.00,2107.00,1099,1008,0.00,0.00,0,0
1535118730,s1-eth1,6042638.00,66528.00,6109166.00,66528,6042638,1099.00,1008.00,2107.00,1008,1099,0.00,0.00,0,0
1535118730,s2-eth2,66594.00,6048496.00,6115090.00,6048496,66594,1009.00,1100.00,2109.00,1100,1009,0.00,0.00,0,0
1535118730,eth0,0.00,0.00,0.00,0,0,0.00,0.00,0.00,0,0,0.00,0.00,0,0
1535118730,total,18327630.00,18333488.00,36661120.00,18333488,18327630,6323.00,6324.00,12647.00,6324,6323,0.00,0.00,0,0
1535118731,s3-eth1,6055868.00,66594.00,6122462.00,66594,6055868,1102.00,1009.00,2111.00,1009,1102,0.00,0.00,0,0
1535118731,s1-eth2,66594.00,6055868.00,6122462.00,6055868,66594,1009.00,1102.00,2111.00,1102,1009,0.00,0.00,0,0
1535118731,s2-eth1,6055868.00,66594.00,6122462.00,66594,6055868,1102.00,1009.00,2111.00,1009,1102,0.00,0.00,0,0
1535118731,lo,344.00,344.00,688.00,344,344,6.00,6.00,12.00,6,6,0.00,0.00,0,0
1535118731,s3-eth2,66660.00,6055868.00,6122528.00,6055868,66660,1010.00,1102.00,2112.00,1102,1010,0.00,0.00,0,0
1535118731,s1-eth1,6055868.00,66660.00,6122528.00,66660,6055868,1102.00,1010.00,2112.00,1010,1102,0.00,0.00,0,0
1535118731,s2-eth2,66594.00,6050010.00,6116604.00,6050010,66594,1009.00,1101.00,2110.00,1101,1009,0.00,0.00,0,0
1535118731,eth0,0.00,0.00,0.00,0,0,0.00,0.00,0.00,0,0,0.00,0.00,0,0
1535118731,total,18367796.00,18361938.00,36729736.00,18361938,18367796,6340.00,6339.00,12679.00,6339,6340,0.00,0.00,0,0
1535118732,s3-eth1,6050010.00,66660.00,6116670.00,66660,6050010,1101.00,1010.00,2111.00,1010,1101,0.00,0.00,0,0
1535118732,s1-eth2,66660.00,6050010.00,6116670.00,6050010,66660,1010.00,1101.00,2111.00,1101,1010,0.00,0.00,0,0
1535118732,s2-eth1,6050010.00,66660.00,6116670.00,66660,6050010,1101.00,1010.00,2111.00,1010,1101,0.00,0.00,0,0
1535118732,lo,172.00,172.00,344.00,172,172,3.00,3.00,6.00,3,3,0.00,0.00,0,0
1535118732,s3-eth2,66594.00,6050010.00,6116604.00,6050010,66594,1009.00,1101.00,2110.00,1101,1009,0.00,0.00,0,0
1535118732,s1-eth1,6050010.00,66594.00,6116604.00,66594,6050010,1101.00,1009.00,2110.00,1009,1101,0.00,0.00,0,0
1535118732,s2-eth2,66660.00,6050010.00,6116670.00,6050010,66660,1010.00,1101.00,2111.00,1101,1010,0.00,0.00,0,0
1535118732,eth0,0.00,0.00,0.00,0,0,0.00,0.00,0.00,0,0,0.00,0.00,0,0
1535118732,total,18350116.00,18350116.00,36700232.00,18350116,18350116,6335.00,6335.00,12670.00,6335,6335,0.00,0.00,0,0
1535118733,s3-eth1,6053244.00,72138.00,6125382.00,72138,6053244,1150.00,1093.00,2243.00,1093,1150,0.00,0.00,0,0
1535118733,s1-eth2,72138.00,6053244.00,6125382.00,6053244,72138,1093.00,1150.00,2243.00,1150,1093,0.00,0.00,0,0
1535118733,s2-eth1,6053244.00,72138.00,6125382.00,72138,6053244,1150.00,1093.00,2243.00,1093,1150,0.00,0.00,0,0
1535118733,lo,0.00,0.00,0.00,0,0,0.00,0.00,0.00,0,0,0.00,0.00,0,0
1535118733,s3-eth2,72204.00,6053244.00,6125448.00,6053244,72204,1094.00,1150.00,2244.00,1150,1094,0.00,0.00,0,0
1535118733,s1-eth1,6053244.00,72138.00,6125382.00,72138,6053244,1150.00,1093.00,2243.00,1093,1150,0.00,0.00,0,0
1535118733,s2-eth2,72138.00,6053244.00,6125382.00,6053244,72138,1093.00,1150.00,2243.00,1150,1093,0.00,0.00,0,0
1535118733,eth0,0.00,0.00,0.00,0,0,0.00,0.00,0.00,0,0,0.00,0.00,0,0
1535118733,total,18376212.00,18376146.00,36752360.00,18376146,18376212,6730.00,6729.00,13459.00,6729,6730,0.00,0.00,0,0
1535118734,s3-eth1,6054354.00,66594.00,6120948.00,66594,6054354,1101.00,1009.00,2110.00,1009,1101,0.00,0.00,0,0
1535118734,s1-eth2,66594.00,6055868.00,6122462.00,6055868,66594,1009.00,1102.00,2111.00,1102,1009,0.00,0.00,0,0
1535118734,s2-eth1,6055868.00,66594.00,6122462.00,66594,6055868,1102.00,1009.00,2111.00,1009,1102,0.00,0.00,0,0
1535118734,lo,0.00,0.00,0.00,0,0,0.00,0.00,0.00,0,0,0.00,0.00,0,0
1535118734,s3-eth2,66594.00,6054354.00,6120948.00,6054354,66594,1009.00,1101.00,2110.00,1101,1009,0.00,0.00,0,0
1535118734,s1-eth1,6055868.00,66660.00,6122528.00,66660,6055868,1102.00,1010.00,2112.00,1010,1102,0.00,0.00,0,0
1535118734,s2-eth2,66594.00,6054354.00,6120948.00,6054354,66594,1009.00,1101.00,2110.00,1101,1009,0.00,0.00,0,0
1535118734,eth0,0.00,0.00,0.00,0,0,0.00,0.00,0.00,0,0,0.00,0.00,0,0
1535118734,total,18365872.00,18364424.00,36730296.00,18364424,18365872,6332.00,6332.00,12664.00,6332,6332,0.00,0.00,0,0
1535118735,s3-eth1,6050052.00,66702.00,6116754.00,66702,6050052,1102.00,1011.00,2113.00,1011,1102,0.00,0.00,0,0
1535118735,s1-eth2,66702.00,6048538.00,6115240.00,6048538,66702,1011.00,1101.00,2112.00,1101,1011,0.00,0.00,0,0
1535118735,s2-eth1,6048538.00,66702.00,6115240.00,66702,6048538,1101.00,1011.00,2112.00,1011,1101,0.00,0.00,0,0
1535118735,lo,888.00,888.00,1776.00,888,888,9.00,9.00,18.00,9,9,0.00,0.00,0,0
1535118735,s3-eth2,66702.00,6050052.00,6116754.00,6050052,66702,1011.00,1102.00,2113.00,1102,1011,0.00,0.00,0,0
1535118735,s1-eth1,6048538.00,66636.00,6115174.00,66636,6048538,1101.00,1010.00,2111.00,1010,1101,0.00,0.00,0,0
1535118735,s2-eth2,66702.00,6050052.00,6116754.00,6050052,66702,1011.00,1102.00,2113.00,1102,1011,0.00,0.00,0,0
1535118735,eth0,0.00,0.00,0.00,0,0,0.00,0.00,0.00,0,0,0.00,0.00,0,0
1535118735,total,18348122.00,18349570.00,36697692.00,18349570,18348122,6346.00,6346.00,12692.00,6346,6346,0.00,0.00,0,0
1535118736,s3-eth1,6055868.00,66594.00,6122462.00,66594,6055868,1102.00,1009.00,2111.00,1009,1102,0.00,0.00,0,0
1535118736,s1-eth2,66594.00,6050010.00,6116604.00,6050010,66594,1009.00,1101.00,2110.00,1101,1009,0.00,0.00,0,0
1535118736,s2-eth1,6050010.00,66594.00,6116604.00,66594,6050010,1101.00,1009.00,2110.00,1009,1101,0.00,0.00,0,0
1535118736,lo,0.00,0.00,0.00,0,0,0.00,0.00,0.00,0,0,0.00,0.00,0,0
1535118736,s3-eth2,66594.00,6055868.00,6122462.00,6055868,66594,1009.00,1102.00,2111.00,1102,1009,0.00,0.00,0,0
1535118736,s1-eth1,6055868.00,66660.00,6122528.00,66660,6055868,1102.00,1010.00,2112.00,1010,1102,0.00,0.00,0,0
1535118736,s2-eth2,66594.00,6055868.00,6122462.00,6055868,66594,1009.00,1102.00,2111.00,1102,1009,0.00,0.00,0,0
1535118736,eth0,0.00,0.00,0.00,0,0,0.00,0.00,0.00,0,0,0.00,0.00,0,0
1535118736,total,18361528.00,18361594.00,36723120.00,18361594,18361528,6332.00,6333.00,12665.00,6333,6332,0.00,0.00,0,0
1535118737,s3-eth1,6050010.00,66660.00,6116670.00,66660,6050010,1101.00,1010.00,2111.00,1010,1101,0.00,0.00,0,0
1535118737,s1-eth2,66660.00,6050010.00,6116670.00,6050010,66660,1010.00,1101.00,2111.00,1101,1010,0.00,0.00,0,0
1535118737,s2-eth1,6050010.00,66660.00,6116670.00,66660,6050010,1101.00,1010.00,2111.00,1010,1101,0.00,0.00,0,0
1535118737,lo,0.00,0.00,0.00,0,0,0.00,0.00,0.00,0,0,0.00,0.00,0,0
1535118737,s3-eth2,66660.00,6050010.00,6116670.00,6050010,66660,1010.00,1101.00,2111.00,1101,1010,0.00,0.00,0,0
1535118737,s1-eth1,6050010.00,66594.00,6116604.00,66594,6050010,1101.00,1009.00,2110.00,1009,1101,0.00,0.00,0,0
1535118737,s2-eth2,66660.00,6050010.00,6116670.00,6050010,66660,1010.00,1101.00,2111.00,1101,1010,0.00,0.00,0,0
1535118737,eth0,0.00,0.00,0.00,0,0,0.00,0.00,0.00,0,0,0.00,0.00,0,0
1535118737,total,18350010.00,18349944.00,36699952.00,18349944,18350010,6333.00,6332.00,12665.00,6332,6333,0.00,0.00,0,0
1535118738,s3-eth1,6055868.00,66594.00,6122462.00,66594,6055868,1102.00,1009.00,2111.00,1009,1102,0.00,0.00,0,0
1535118738,s1-eth2,66594.00,6055868.00,6122462.00,6055868,66594,1009.00,1102.00,2111.00,1102,1009,0.00,0.00,0,0
1535118738,s2-eth1,6055868.00,66594.00,6122462.00,66594,6055868,1102.00,1009.00,2111.00,1009,1102,0.00,0.00,0,0
1535118738,lo,0.00,0.00,0.00,0,0,0.00,0.00,0.00,0,0,0.00,0.00,0,0
1535118738,s3-eth2,66528.00,6055868.00,6122396.00,6055868,66528,1008.00,1102.00,2110.00,1102,1008,0.00,0.00,0,0
1535118738,s1-eth1,6055868.00,66594.00,6122462.00,66594,6055868,1102.00,1009.00,2111.00,1009,1102,0.00,0.00,0,0
1535118738,s2-eth2,66594.00,6055868.00,6122462.00,6055868,66594,1009.00,1102.00,2111.00,1102,1009,0.00,0.00,0,0
1535118738,eth0,0.00,0.00,0.00,0,0,0.00,0.00,0.00,0,0,0.00,0.00,0,0
1535118738,total,18367320.00,18367386.00,36734704.00,18367386,18367320,6332.00,6333.00,12665.00,6333,6332,0.00,0.00,0,0
1535118739,s3-eth1,6048496.00,66660.00,6115156.00,66660,6048496,1100.00,1010.00,2110.00,1010,1100,0.00,0.00,0,0
1535118739,s1-eth2,66660.00,6048496.00,6115156.00,6048496,66660,1010.00,1100.00,2110.00,1100,1010,0.00,0.00,0,0
1535118739,s2-eth1,6048496.00,66660.00,6115156.00,66660,6048496,1100.00,1010.00,2110.00,1010,1100,0.00,0.00,0,0
1535118739,lo,516.00,516.00,1032.00,516,516,9.00,9.00,18.00,9,9,0.00,0.00,0,0
1535118739,s3-eth2,66660.00,6048496.00,6115156.00,6048496,66660,1010.00,1100.00,2110.00,1100,1010,0.00,0.00,0,0
1535118739,s1-eth1,6048496.00,66660.00,6115156.00,66660,6048496,1100.00,1010.00,2110.00,1010,1100,0.00,0.00,0,0
1535118739,s2-eth2,66660.00,6048496.00,6115156.00,6048496,66660,1010.00,1100.00,2110.00,1100,1010,0.00,0.00,0,0
1535118739,eth0,0.00,0.00,0.00,0,0,0.00,0.00,0.00,0,0,0.00,0.00,0,0
1535118739,total,18345984.00,18345984.00,36691968.00,18345984,18345984,6339.00,6339.00,12678.00,6339,6339,0.00,0.00,0,0
1535118740,s3-eth1,6050010.00,66594.00,6116604.00,66594,6050010,1101.00,1009.00,2110.00,1009,1101,0.00,0.00,0,0
1535118740,s1-eth2,66594.00,6050010.00,6116604.00,6050010,66594,1009.00,1101.00,2110.00,1101,1009,0.00,0.00,0,0
1535118740,s2-eth1,6050010.00,66594.00,6116604.00,66594,6050010,1101.00,1009.00,2110.00,1009,1101,0.00,0.00,0,0
1535118740,lo,0.00,0.00,0.00,0,0,0.00,0.00,0.00,0,0,0.00,0.00,0,0
1535118740,s3-eth2,66660.00,6050010.00,6116670.00,6050010,66660,1010.00,1101.00,2111.00,1101,1010,0.00,0.00,0,0
1535118740,s1-eth1,6050010.00,66594.00,6116604.00,66594,6050010,1101.00,1009.00,2110.00,1009,1101,0.00,0.00,0,0
1535118740,s2-eth2,66594.00,6050010.00,6116604.00,6050010,66594,1009.00,1101.00,2110.00,1101,1009,0.00,0.00,0,0
1535118740,eth0,0.00,0.00,0.00,0,0,0.00,0.00,0.00,0,0,0.00,0.00,0,0
1535118740,total,18349878.00,18349812.00,36699688.00,18349812,18349878,6331.00,6330.00,12661.00,6330,6331,0.00,0.00,0,0
1535118741,s3-eth1,6056796.00,68508.00,6125304.00,68508,6056796,1138.00,1038.00,2176.00,1038,1138,0.00,0.00,0,0
1535118741,s1-eth2,68772.00,6056598.00,6125370.00,6056598,68772,1042.00,1135.00,2177.00,1135,1042,0.00,0.00,0,0
1535118741,s2-eth1,6056598.00,68772.00,6125370.00,68772,6056598,1135.00,1042.00,2177.00,1042,1135,0.00,0.00,0,0
1535118741,lo,0.00,0.00,0.00,0,0,0.00,0.00,0.00,0,0,0.00,0.00,0,0
1535118741,s3-eth2,68244.00,6056994.00,6125238.00,6056994,68244,1034.00,1141.00,2175.00,1141,1034,0.00,0.00,0,0
1535118741,s1-eth1,6054952.00,69036.00,6123988.00,69036,6054952,1132.00,1046.00,2178.00,1046,1132,0.00,0.00,0,0
1535118741,s2-eth2,68508.00,6056796.00,6125304.00,6056796,68508,1038.00,1138.00,2176.00,1138,1038,0.00,0.00,0,0
1535118741,eth0,0.00,0.00,0.00,0,0,0.00,0.00,0.00,0,0,0.00,0.00,0,0
1535118741,total,18373870.00,18376704.00,36750576.00,18376704,18373870,6519.00,6540.00,13059.00,6540,6519,0.00,0.00,0,0
1535118742,s3-eth1,6052448.00,70158.00,6122606.00,70158,6052448,1116.00,1063.00,2179.00,1063,1116,0.00,0.00,0,0
1535118742,s1-eth2,69960.00,6052646.00,6122606.00,6052646,69960,1060.00,1119.00,2179.00,1119,1060,0.00,0.00,0,0
1535118742,s2-eth1,6052646.00,69960.00,6122606.00,69960,6052646,1119.00,1060.00,2179.00,1060,1119,0.00,0.00,0,0
1535118742,lo,0.00,0.00,0.00,0,0,0.00,0.00,0.00,0,0,0.00,0.00,0,0
1535118742,s3-eth2,70422.00,6052250.00,6122672.00,6052250,70422,1067.00,1113.00,2180.00,1113,1067,0.00,0.00,0,0
1535118742,s1-eth1,6054292.00,69696.00,6123988.00,69696,6054292,1122.00,1056.00,2178.00,1056,1122,0.00,0.00,0,0
1535118742,s2-eth2,70158.00,6052448.00,6122606.00,6052448,70158,1063.00,1116.00,2179.00,1116,1063,0.00,0.00,0,0
1535118742,eth0,0.00,0.00,0.00,0,0,0.00,0.00,0.00,0,0,0.00,0.00,0,0
1535118742,total,18369926.00,18367158.00,36737084.00,18367158,18369926,6547.00,6527.00,13074.00,6527,6547,0.00,0.00,0,0
1535118743,s3-eth1,6054354.00,66660.00,6121014.00,66660,6054354,1101.00,1010.00,2111.00,1010,1101,0.00,0.00,0,0
1535118743,s1-eth2,66594.00,6054354.00,6120948.00,6054354,66594,1009.00,1101.00,2110.00,1101,1009,0.00,0.00,0,0
1535118743,s2-eth1,6054354.00,66594.00,6120948.00,66594,6054354,1101.00,1009.00,2110.00,1009,1101,0.00,0.00,0,0
1535118743,lo,0.00,0.00,0.00,0,0,0.00,0.00,0.00,0,0,0.00,0.00,0,0
1535118743,s3-eth2,66660.00,6054354.00,6121014.00,6054354,66660,1010.00,1101.00,2111.00,1101,1010,0.00,0.00,0,0
1535118743,s1-eth1,6048496.00,66594.00,6115090.00,66594,6048496,1100.00,1009.00,2109.00,1009,1100,0.00,0.00,0,0
1535118743,s2-eth2,66660.00,6054354.00,6121014.00,6054354,66660,1010.00,1101.00,2111.00,1101,1010,0.00,0.00,0,0
1535118743,eth0,0.00,0.00,0.00,0,0,0.00,0.00,0.00,0,0,0.00,0.00,0,0
1535118743,total,18357118.00,18362910.00,36720028.00,18362910,18357118,6331.00,6331.00,12662.00,6331,6331,0.00,0.00,0,0
1535118744,s3-eth1,6050010.00,66660.00,6116670.00,66660,6050010,1101.00,1010.00,2111.00,1010,1101,0.00,0.00,0,0
1535118744,s1-eth2,66660.00,6050010.00,6116670.00,6050010,66660,1010.00,1101.00,2111.00,1101,1010,0.00,0.00,0,0
1535118744,s2-eth1,6050010.00,66660.00,6116670.00,66660,6050010,1101.00,1010.00,2111.00,1010,1101,0.00,0.00,0,0
1535118744,lo,516.00,516.00,1032.00,516,516,9.00,9.00,18.00,9,9,0.00,0.00,0,0
1535118744,s3-eth2,66660.00,6050010.00,6116670.00,6050010,66660,1010.00,1101.00,2111.00,1101,1010,0.00,0.00,0,0
1535118744,s1-eth1,6055868.00,66726.00,6122594.00,66726,6055868,1102.00,1011.00,2113.00,1011,1102,0.00,0.00,0,0
1535118744,s2-eth2,66660.00,6050010.00,6116670.00,6050010,66660,1010.00,1101.00,2111.00,1101,1010,0.00,0.00,0,0
1535118744,eth0,0.00,0.00,0.00,0,0,0.00,0.00,0.00,0,0,0.00,0.00,0,0
1535118744,total,18356384.00,18350592.00,36706976.00,18350592,18356384,6343.00,6343.00,12686.00,6343,6343,0.00,0.00,0,0
1535118745,s3-eth1,6050010.00,66660.00,6116670.00,66660,6050010,1101.00,1010.00,2111.00,1010,1101,0.00,0.00,0,0
1535118745,s1-eth2,66660.00,6050010.00,6116670.00,6050010,66660,1010.00,1101.00,2111.00,1101,1010,0.00,0.00,0,0
1535118745,s2-eth1,6050010.00,66660.00,6116670.00,66660,6050010,1101.00,1010.00,2111.00,1010,1101,0.00,0.00,0,0
1535118745,lo,0.00,0.00,0.00,0,0,0.00,0.00,0.00,0,0,0.00,0.00,0,0
1535118745,s3-eth2,66594.00,6050010.00,6116604.00,6050010,66594,1009.00,1101.00,2110.00,1101,1009,0.00,0.00,0,0
1535118745,s1-eth1,6050010.00,66594.00,6116604.00,66594,6050010,1101.00,1009.00,2110.00,1009,1101,0.00,0.00,0,0
1535118745,s2-eth2,66660.00,6050010.00,6116670.00,6050010,66660,1010.00,1101.00,2111.00,1101,1010,0.00,0.00,0,0
1535118745,eth0,42.00,42.00,84.00,42,42,1.00,1.00,2.00,1,1,0.00,0.00,0,0
1535118745,total,18349986.00,18349986.00,36699972.00,18349986,18349986,6333.00,6333.00,12666.00,6333,6333,0.00,0.00,0,0
1535118746,s3-eth1,6055868.00,66594.00,6122462.00,66594,6055868,1102.00,1009.00,2111.00,1009,1102,0.00,0.00,0,0
1535118746,s1-eth2,66594.00,6055868.00,6122462.00,6055868,66594,1009.00,1102.00,2111.00,1102,1009,0.00,0.00,0,0
1535118746,s2-eth1,6055868.00,66594.00,6122462.00,66594,6055868,1102.00,1009.00,2111.00,1009,1102,0.00,0.00,0,0
1535118746,lo,0.00,0.00,0.00,0,0,0.00,0.00,0.00,0,0,0.00,0.00,0,0
1535118746,s3-eth2,66660.00,6055868.00,6122528.00,6055868,66660,1010.00,1102.00,2112.00,1102,1010,0.00,0.00,0,0
1535118746,s1-eth1,6050010.00,66594.00,6116604.00,66594,6050010,1101.00,1009.00,2110.00,1009,1101,0.00,0.00,0,0
1535118746,s2-eth2,66594.00,6055868.00,6122462.00,6055868,66594,1009.00,1102.00,2111.00,1102,1009,0.00,0.00,0,0
1535118746,eth0,0.00,0.00,0.00,0,0,0.00,0.00,0.00,0,0,0.00,0.00,0,0
1535118746,total,18361594.00,18367386.00,36728980.00,18367386,18361594,6333.00,6333.00,12666.00,6333,6333,0.00,0.00,0,0
1535118747,s3-eth1,6048496.00,66594.00,6115090.00,66594,6048496,1100.00,1009.00,2109.00,1009,1100,0.00,0.00,0,0
1535118747,s1-eth2,66594.00,6048496.00,6115090.00,6048496,66594,1009.00,1100.00,2109.00,1100,1009,0.00,0.00,0,0
1535118747,s2-eth1,6048496.00,66594.00,6115090.00,66594,6048496,1100.00,1009.00,2109.00,1009,1100,0.00,0.00,0,0
1535118747,lo,0.00,0.00,0.00,0,0,0.00,0.00,0.00,0,0,0.00,0.00,0,0
1535118747,s3-eth2,66594.00,6048496.00,6115090.00,6048496,66594,1009.00,1100.00,2109.00,1100,1009,0.00,0.00,0,0
1535118747,s1-eth1,6054354.00,66660.00,6121014.00,66660,6054354,1101.00,1010.00,2111.00,1010,1101,0.00,0.00,0,0
1535118747,s2-eth2,66594.00,6048496.00,6115090.00,6048496,66594,1009.00,1100.00,2109.00,1100,1009,0.00,0.00,0,0
1535118747,eth0,0.00,0.00,0.00,0,0,0.00,0.00,0.00,0,0,0.00,0.00,0,0
1535118747,total,18351128.00,18345336.00,36696464.00,18345336,18351128,6328.00,6328.00,12656.00,6328,6328,0.00,0.00,0,0
1535118748,s3-eth1,6055868.00,66660.00,6122528.00,66660,6055868,1102.00,1010.00,2112.00,1010,1102,0.00,0.00,0,0
1535118748,s1-eth2,66660.00,6055868.00,6122528.00,6055868,66660,1010.00,1102.00,2112.00,1102,1010,0.00,0.00,0,0
1535118748,s2-eth1,6055868.00,66660.00,6122528.00,66660,6055868,1102.00,1010.00,2112.00,1010,1102,0.00,0.00,0,0
1535118748,lo,0.00,0.00,0.00,0,0,0.00,0.00,0.00,0,0,0.00,0.00,0,0
1535118748,s3-eth2,66660.00,6055868.00,6122528.00,6055868,66660,1010.00,1102.00,2112.00,1102,1010,0.00,0.00,0,0
1535118748,s1-eth1,6050010.00,66594.00,6116604.00,66594,6050010,1101.00,1009.00,2110.00,1009,1101,0.00,0.00,0,0
1535118748,s2-eth2,66660.00,6055868.00,6122528.00,6055868,66660,1010.00,1102.00,2112.00,1102,1010,0.00,0.00,0,0
1535118748,eth0,0.00,0.00,0.00,0,0,0.00,0.00,0.00,0,0,0.00,0.00,0,0
1535118748,total,18361726.00,18367518.00,36729244.00,18367518,18361726,6335.00,6335.00,12670.00,6335,6335,0.00,0.00,0,0
1535118749,s3-eth1,6050010.00,66594.00,6116604.00,66594,6050010,1101.00,1009.00,2110.00,1009,1101,0.00,0.00,0,0
1535118749,s1-eth2,66594.00,6050010.00,6116604.00,6050010,66594,1009.00,1101.00,2110.00,1101,1009,0.00,0.00,0,0
1535118749,s2-eth1,6050010.00,66594.00,6116604.00,66594,6050010,1101.00,1009.00,2110.00,1009,1101,0.00,0.00,0,0
1535118749,lo,516.00,516.00,1032.00,516,516,9.00,9.00,18.00,9,9,0.00,0.00,0,0
1535118749,s3-eth2,66594.00,6050010.00,6116604.00,6050010,66594,1009.00,1101.00,2110.00,1101,1009,0.00,0.00,0,0
1535118749,s1-eth1,6055868.00,66660.00,6122528.00,66660,6055868,1102.00,1010.00,2112.00,1010,1102,0.00,0.00,0,0
1535118749,s2-eth2,66594.00,6050010.00,6116604.00,6050010,66594,1009.00,1101.00,2110.00,1101,1009,0.00,0.00,0,0
1535118749,eth0,0.00,0.00,0.00,0,0,0.00,0.00,0.00,0,0,0.00,0.00,0,0
1535118749,total,18356186.00,18350394.00,36706580.00,18350394,18356186,6340.00,6340.00,12680.00,6340,6340,0.00,0.00,0,0
1535118750,s3-eth1,5994326.00,65934.00,6060260.00,65934,5994326,1091.00,999.00,2090.00,999,1091,0.00,0.00,0,0
1535118750,s1-eth2,66000.00,5995774.00,6061774.00,5995774,66000,1000.00,1091.00,2091.00,1091,1000,0.00,0.00,0,0
1535118750,s2-eth1,5995774.00,66000.00,6061774.00,66000,5995774,1091.00,1000.00,2091.00,1000,1091,0.00,0.00,0,0
1535118750,lo,0.00,0.00,0.00,0,0,0.00,0.00,0.00,0,0,0.00,0.00,0,0
1535118750,s3-eth2,66000.00,5995774.00,6061774.00,5995774,66000,1000.00,1091.00,2091.00,1091,1000,0.00,0.00,0,0
1535118750,s1-eth1,5995774.00,65934.00,6061708.00,65934,5995774,1091.00,999.00,2090.00,999,1091,0.00,0.00,0,0
1535118750,s2-eth2,66000.00,5994326.00,6060326.00,5994326,66000,1000.00,1091.00,2091.00,1091,1000,0.00,0.00,0,0
1535118750,eth0,0.00,0.00,0.00,0,0,0.00,0.00,0.00,0,0,0.00,0.00,0,0
1535118750,total,18183874.00,18183742.00,36367616.00,18183742,18183874,6273.00,6271.00,12544.00,6271,6273,0.00,0.00,0,0
1535118751,s3-eth1,6054956.00,72072.00,6127028.00,72072,6054956,1154.00,1092.00,2246.00,1092,1154,0.00,0.00,0,0
1535118751,s1-eth2,72072.00,6053508.00,6125580.00,6053508,72072,1092.00,1154.00,2246.00,1154,1092,0.00,0.00,0,0
1535118751,s2-eth1,6053508.00,72072.00,6125580.00,72072,6053508,1154.00,1092.00,2246.00,1092,1154,0.00,0.00,0,0
1535118751,lo,0.00,0.00,0.00,0,0,0.00,0.00,0.00,0,0,0.00,0.00,0,0
1535118751,s3-eth2,72006.00,6053508.00,6125514.00,6053508,72006,1091.00,1154.00,2245.00,1154,1091,0.00,0.00,0,0
1535118751,s1-eth1,6053508.00,72072.00,6125580.00,72072,6053508,1154.00,1092.00,2246.00,1092,1154,0.00,0.00,0,0
1535118751,s2-eth2,72006.00,6054956.00,6126962.00,6054956,72006,1091.00,1154.00,2245.00,1154,1091,0.00,0.00,0,0
1535118751,eth0,0.00,0.00,0.00,0,0,0.00,0.00,0.00,0,0,0.00,0.00,0,0
1535118751,total,18378056.00,18378188.00,36756244.00,18378188,18378056,6736.00,6738.00,13474.00,6738,6736,0.00,0.00,0,0
1535118752,s3-eth1,6054354.00,66660.00,6121014.00,66660,6054354,1101.00,1010.00,2111.00,1010,1101,0.00,0.00,0,0
1535118752,s1-eth2,66594.00,6054354.00,6120948.00,6054354,66594,1009.00,1101.00,2110.00,1101,1009,0.00,0.00,0,0
1535118752,s2-eth1,6054354.00,66594.00,6120948.00,66594,6054354,1101.00,1009.00,2110.00,1009,1101,0.00,0.00,0,0
1535118752,lo,0.00,0.00,0.00,0,0,0.00,0.00,0.00,0,0,0.00,0.00,0,0
1535118752,s3-eth2,66660.00,6054354.00,6121014.00,6054354,66660,1010.00,1101.00,2111.00,1101,1010,0.00,0.00,0,0
1535118752,s1-eth1,6054354.00,66594.00,6120948.00,66594,6054354,1101.00,1009.00,2110.00,1009,1101,0.00,0.00,0,0
1535118752,s2-eth2,66660.00,6054354.00,6121014.00,6054354,66660,1010.00,1101.00,2111.00,1101,1010,0.00,0.00,0,0
1535118752,eth0,0.00,0.00,0.00,0,0,0.00,0.00,0.00,0,0,0.00,0.00,0,0
1535118752,total,18362976.00,18362910.00,36725888.00,18362910,18362976,6332.00,6331.00,12663.00,6331,6332,0.00,0.00,0,0
1535118753,s3-eth1,6050010.00,66792.00,6116802.00,66792,6050010,1101.00,1012.00,2113.00,1012,1101,0.00,0.00,0,0
1535118753,s1-eth2,66858.00,6050010.00,6116868.00,6050010,66858,1013.00,1101.00,2114.00,1101,1013,0.00,0.00,0,0
1535118753,s2-eth1,6050010.00,66858.00,6116868.00,66858,6050010,1101.00,1013.00,2114.00,1013,1101,0.00,0.00,0,0
1535118753,lo,0.00,0.00,0.00,0,0,0.00,0.00,0.00,0,0,0.00,0.00,0,0
1535118753,s3-eth2,66792.00,6050010.00,6116802.00,6050010,66792,1012.00,1101.00,2113.00,1101,1012,0.00,0.00,0,0
1535118753,s1-eth1,6050010.00,66858.00,6116868.00,66858,6050010,1101.00,1013.00,2114.00,1013,1101,0.00,0.00,0,0
1535118753,s2-eth2,66792.00,6050010.00,6116802.00,6050010,66792,1012.00,1101.00,2113.00,1101,1012,0.00,0.00,0,0
1535118753,eth0,0.00,0.00,0.00,0,0,0.00,0.00,0.00,0,0,0.00,0.00,0,0
1535118753,total,18350472.00,18350538.00,36701008.00,18350538,18350472,6340.00,6341.00,12681.00,6341,6340,0.00,0.00,0,0
1535118754,s3-eth1,6050010.00,66660.00,6116670.00,66660,6050010,1101.00,1010.00,2111.00,1010,1101,0.00,0.00,0,0
1535118754,s1-eth2,66594.00,6050010.00,6116604.00,6050010,66594,1009.00,1101.00,2110.00,1101,1009,0.00,0.00,0,0
1535118754,s2-eth1,6050010.00,66594.00,6116604.00,66594,6050010,1101.00,1009.00,2110.00,1009,1101,0.00,0.00,0,0
1535118754,lo,516.00,516.00,1032.00,516,516,9.00,9.00,18.00,9,9,0.00,0.00,0,0
1535118754,s3-eth2,66594.00,6050010.00,6116604.00,6050010,66594,1009.00,1101.00,2110.00,1101,1009,0.00,0.00,0,0
1535118754,s1-eth1,6050010.00,66594.00,6116604.00,66594,6050010,1101.00,1009.00,2110.00,1009,1101,0.00,0.00,0,0
1535118754,s2-eth2,66660.00,6050010.00,6116670.00,6050010,66660,1010.00,1101.00,2111.00,1101,1010,0.00,0.00,0,0
1535118754,eth0,0.00,0.00,0.00,0,0,0.00,0.00,0.00,0,0,0.00,0.00,0,0
1535118754,total,18350394.00,18350394.00,36700788.00,18350394,18350394,6340.00,6340.00,12680.00,6340,6340,0.00,0.00,0,0
1535118755,s3-eth1,6055868.00,66594.00,6122462.00,66594,6055868,1102.00,1009.00,2111.00,1009,1102,0.00,0.00,0,0
1535118755,s1-eth2,66594.00,6055868.00,6122462.00,6055868,66594,1009.00,1102.00,2111.00,1102,1009,0.00,0.00,0,0
1535118755,s2-eth1,6055868.00,66594.00,6122462.00,66594,6055868,1102.00,1009.00,2111.00,1009,1102,0.00,0.00,0,0
1535118755,lo,0.00,0.00,0.00,0,0,0.00,0.00,0.00,0,0,0.00,0.00,0,0
1535118755,s3-eth2,66660.00,6055868.00,6122528.00,6055868,66660,1010.00,1102.00,2112.00,1102,1010,0.00,0.00,0,0
1535118755,s1-eth1,6050010.00,66594.00,6116604.00,66594,6050010,1101.00,1009.00,2110.00,1009,1101,0.00,0.00,0,0
1535118755,s2-eth2,66594.00,6055868.00,6122462.00,6055868,66594,1009.00,1102.00,2111.00,1102,1009,0.00,0.00,0,0
1535118755,eth0,0.00,0.00,0.00,0,0,0.00,0.00,0.00,0,0,0.00,0.00,0,0
1535118755,total,18361594.00,18367386.00,36728980.00,18367386,18361594,6333.00,6333.00,12666.00,6333,6333,0.00,0.00,0,0
1535118756,s3-eth1,6054354.00,66660.00,6121014.00,66660,6054354,1101.00,1010.00,2111.00,1010,1101,0.00,0.00,0,0
1535118756,s1-eth2,66726.00,6054354.00,6121080.00,6054354,66726,1011.00,1101.00,2112.00,1101,1011,0.00,0.00,0,0
1535118756,s2-eth1,6054354.00,66726.00,6121080.00,66726,6054354,1101.00,1011.00,2112.00,1011,1101,0.00,0.00,0,0
1535118756,lo,0.00,0.00,0.00,0,0,0.00,0.00,0.00,0,0,0.00,0.00,0,0
1535118756,s3-eth2,66660.00,6054354.00,6121014.00,6054354,66660,1010.00,1101.00,2111.00,1101,1010,0.00,0.00,0,0
1535118756,s1-eth1,6054354.00,66726.00,6121080.00,66726,6054354,1101.00,1011.00,2112.00,1011,1101,0.00,0.00,0,0
1535118756,s2-eth2,66726.00,6054354.00,6121080.00,6054354,66726,1011.00,1101.00,2112.00,1101,1011,0.00,0.00,0,0
1535118756,eth0,0.00,0.00,0.00,0,0,0.00,0.00,0.00,0,0,0.00,0.00,0,0
1535118756,total,18363174.00,18363174.00,36726348.00,18363174,18363174,6335.00,6335.00,12670.00,6335,6335,0.00,0.00,0,0
1535118757,s3-eth1,6050010.00,66660.00,6116670.00,66660,6050010,1101.00,1010.00,2111.00,1010,1101,0.00,0.00,0,0
1535118757,s1-eth2,66594.00,6050010.00,6116604.00,6050010,66594,1009.00,1101.00,2110.00,1101,1009,0.00,0.00,0,0
1535118757,s2-eth1,6050010.00,66594.00,6116604.00,66594,6050010,1101.00,1009.00,2110.00,1009,1101,0.00,0.00,0,0
1535118757,lo,0.00,0.00,0.00,0,0,0.00,0.00,0.00,0,0,0.00,0.00,0,0
1535118757,s3-eth2,66660.00,6050010.00,6116670.00,6050010,66660,1010.00,1101.00,2111.00,1101,1010,0.00,0.00,0,0
1535118757,s1-eth1,6050010.00,66594.00,6116604.00,66594,6050010,1101.00,1009.00,2110.00,1009,1101,0.00,0.00,0,0
1535118757,s2-eth2,66594.00,6050010.00,6116604.00,6050010,66594,1009.00,1101.00,2110.00,1101,1009,0.00,0.00,0,0
1535118757,eth0,0.00,0.00,0.00,0,0,0.00,0.00,0.00,0,0,0.00,0.00,0,0
1535118757,total,18349878.00,18349878.00,36699756.00,18349878,18349878,6331.00,6331.00,12662.00,6331,6331,0.00,0.00,0,0
1535118758,s3-eth1,6050010.00,66594.00,6116604.00,66594,6050010,1101.00,1009.00,2110.00,1009,1101,0.00,0.00,0,0
1535118758,s1-eth2,66660.00,6050010.00,6116670.00,6050010,66660,1010.00,1101.00,2111.00,1101,1010,0.00,0.00,0,0
1535118758,s2-eth1,6050010.00,66660.00,6116670.00,66660,6050010,1101.00,1010.00,2111.00,1010,1101,0.00,0.00,0,0
1535118758,lo,0.00,0.00,0.00,0,0,0.00,0.00,0.00,0,0,0.00,0.00,0,0
1535118758,s3-eth2,66594.00,6050010.00,6116604.00,6050010,66594,1009.00,1101.00,2110.00,1101,1009,0.00,0.00,0,0
1535118758,s1-eth1,6055868.00,66660.00,6122528.00,66660,6055868,1102.00,1010.00,2112.00,1010,1102,0.00,0.00,0,0
1535118758,s2-eth2,66594.00,6050010.00,6116604.00,6050010,66594,1009.00,1101.00,2110.00,1101,1009,0.00,0.00,0,0
1535118758,eth0,0.00,0.00,0.00,0,0,0.00,0.00,0.00,0,0,0.00,0.00,0,0
1535118758,total,18355736.00,18349944.00,36705680.00,18349944,18355736,6332.00,6332.00,12664.00,6332,6332,0.00,0.00,0,0
1535118759,s3-eth1,6055868.00,66660.00,6122528.00,66660,6055868,1102.00,1010.00,2112.00,1010,1102,0.00,0.00,0,0
1535118759,s1-eth2,66594.00,6055868.00,6122462.00,6055868,66594,1009.00,1102.00,2111.00,1102,1009,0.00,0.00,0,0
1535118759,s2-eth1,6055868.00,66594.00,6122462.00,66594,6055868,1102.00,1009.00,2111.00,1009,1102,0.00,0.00,0,0
1535118759,lo,516.00,516.00,1032.00,516,516,9.00,9.00,18.00,9,9,0.00,0.00,0,0
1535118759,s3-eth2,66660.00,6055868.00,6122528.00,6055868,66660,1010.00,1102.00,2112.00,1102,1010,0.00,0.00,0,0
1535118759,s1-eth1,6050010.00,66594.00,6116604.00,66594,6050010,1101.00,1009.00,2110.00,1009,1101,0.00,0.00,0,0
1535118759,s2-eth2,66660.00,6055868.00,6122528.00,6055868,66660,1010.00,1102.00,2112.00,1102,1010,0.00,0.00,0,0
1535118759,eth0,0.00,0.00,0.00,0,0,0.00,0.00,0.00,0,0,0.00,0.00,0,0
1535118759,total,18362176.00,18367968.00,36730144.00,18367968,18362176,6343.00,6343.00,12686.00,6343,6343,0.00,0.00,0,0
1535118760,s3-eth1,6030922.00,66528.00,6097450.00,66528,6030922,1097.00,1008.00,2105.00,1008,1097,0.00,0.00,0,0
1535118760,s1-eth2,66594.00,6033884.00,6100478.00,6033884,66594,1009.00,1098.00,2107.00,1098,1009,0.00,0.00,0,0
1535118760,s2-eth1,6033884.00,66594.00,6100478.00,66594,6033884,1098.00,1009.00,2107.00,1009,1098,0.00,0.00,0,0
1535118760,lo,0.00,0.00,0.00,0,0,0.00,0.00,0.00,0,0,0.00,0.00,0,0
1535118760,s3-eth2,66528.00,6030922.00,6097450.00,6030922,66528,1008.00,1097.00,2105.00,1097,1008,0.00,0.00,0,0
1535118760,s1-eth1,6033884.00,66660.00,6100544.00,66660,6033884,1098.00,1010.00,2108.00,1010,1098,0.00,0.00,0,0
1535118760,s2-eth2,66528.00,6030922.00,6097450.00,6030922,66528,1008.00,1097.00,2105.00,1097,1008,0.00,0.00,0,0
1535118760,eth0,0.00,0.00,0.00,0,0,0.00,0.00,0.00,0,0,0.00,0.00,0,0
1535118760,total,18298340.00,18295510.00,36593848.00,18295510,18298340,6318.00,6319.00,12637.00,6319,6318,0.00,0.00,0,0
1535118761,s3-eth1,6059366.00,71940.00,6131306.00,71940,6059366,1155.00,1090.00,2245.00,1090,1155,0.00,0.00,0,0
1535118761,s1-eth2,71874.00,6056404.00,6128278.00,6056404,71874,1089.00,1154.00,2243.00,1154,1089,0.00,0.00,0,0
1535118761,s2-eth1,6056404.00,71874.00,6128278.00,71874,6056404,1154.00,1089.00,2243.00,1089,1154,0.00,0.00,0,0
1535118761,lo,0.00,0.00,0.00,0,0,0.00,0.00,0.00,0,0,0.00,0.00,0,0
1535118761,s3-eth2,71940.00,6059366.00,6131306.00,6059366,71940,1090.00,1155.00,2245.00,1155,1090,0.00,0.00,0,0
1535118761,s1-eth1,6056404.00,71808.00,6128212.00,71808,6056404,1154.00,1088.00,2242.00,1088,1154,0.00,0.00,0,0
1535118761,s2-eth2,71940.00,6059366.00,6131306.00,6059366,71940,1090.00,1155.00,2245.00,1155,1090,0.00,0.00,0,0
1535118761,eth0,0.00,0.00,0.00,0,0,0.00,0.00,0.00,0,0,0.00,0.00,0,0
1535118761,total,18387928.00,18390758.00,36778688.00,18390758,18387928,6732.00,6731.00,13463.00,6731,6732,0.00,0.00,0,0
1535118762,s3-eth1,6050010.00,66594.00,6116604.00,66594,6050010,1101.00,1009.00,2110.00,1009,1101,0.00,0.00,0,0
1535118762,s1-eth2,66594.00,6050010.00,6116604.00,6050010,66594,1009.00,1101.00,2110.00,1101,1009,0.00,0.00,0,0
1535118762,s2-eth1,6050010.00,66594.00,6116604.00,66594,6050010,1101.00,1009.00,2110.00,1009,1101,0.00,0.00,0,0
1535118762,lo,0.00,0.00,0.00,0,0,0.00,0.00,0.00,0,0,0.00,0.00,0,0
1535118762,s3-eth2,66594.00,6050010.00,6116604.00,6050010,66594,1009.00,1101.00,2110.00,1101,1009,0.00,0.00,0,0
1535118762,s1-eth1,6050010.00,66594.00,6116604.00,66594,6050010,1101.00,1009.00,2110.00,1009,1101,0.00,0.00,0,0
1535118762,s2-eth2,66594.00,6050010.00,6116604.00,6050010,66594,1009.00,1101.00,2110.00,1101,1009,0.00,0.00,0,0
1535118762,eth0,0.00,0.00,0.00,0,0,0.00,0.00,0.00,0,0,0.00,0.00,0,0
1535118762,total,18349812.00,18349812.00,36699624.00,18349812,18349812,6330.00,6330.00,12660.00,6330,6330,0.00,0.00,0,0
1535118763,s3-eth1,6048496.00,66660.00,6115156.00,66660,6048496,1100.00,1010.00,2110.00,1010,1100,0.00,0.00,0,0
1535118763,s1-eth2,66660.00,6048496.00,6115156.00,6048496,66660,1010.00,1100.00,2110.00,1100,1010,0.00,0.00,0,0
1535118763,s2-eth1,6048496.00,66660.00,6115156.00,66660,6048496,1100.00,1010.00,2110.00,1010,1100,0.00,0.00,0,0
1535118763,lo,0.00,0.00,0.00,0,0,0.00,0.00,0.00,0,0,0.00,0.00,0,0
1535118763,s3-eth2,66660.00,6048496.00,6115156.00,6048496,66660,1010.00,1100.00,2110.00,1100,1010,0.00,0.00,0,0
1535118763,s1-eth1,6055868.00,66726.00,6122594.00,66726,6055868,1102.00,1011.00,2113.00,1011,1102,0.00,0.00,0,0
1535118763,s2-eth2,66660.00,6048496.00,6115156.00,6048496,66660,1010.00,1100.00,2110.00,1100,1010,0.00,0.00,0,0
1535118763,eth0,0.00,0.00,0.00,0,0,0.00,0.00,0.00,0,0,0.00,0.00,0,0
1535118763,total,18352840.00,18345534.00,36698376.00,18345534,18352840,6332.00,6331.00,12663.00,6331,6332,0.00,0.00,0,0
1535118764,s3-eth1,6055868.00,66726.00,6122594.00,66726,6055868,1102.00,1011.00,2113.00,1011,1102,0.00,0.00,0,0
1535118764,s1-eth2,66726.00,6055868.00,6122594.00,6055868,66726,1011.00,1102.00,2113.00,1102,1011,0.00,0.00,0,0
1535118764,s2-eth1,6055868.00,66726.00,6122594.00,66726,6055868,1102.00,1011.00,2113.00,1011,1102,0.00,0.00,0,0
1535118764,lo,516.00,516.00,1032.00,516,516,9.00,9.00,18.00,9,9,0.00,0.00,0,0
1535118764,s3-eth2,66726.00,6055868.00,6122594.00,6055868,66726,1011.00,1102.00,2113.00,1102,1011,0.00,0.00,0,0
1535118764,s1-eth1,6048496.00,66660.00,6115156.00,66660,6048496,1100.00,1010.00,2110.00,1010,1100,0.00,0.00,0,0
1535118764,s2-eth2,66726.00,6055868.00,6122594.00,6055868,66726,1011.00,1102.00,2113.00,1102,1011,0.00,0.00,0,0
1535118764,eth0,0.00,0.00,0.00,0,0,0.00,0.00,0.00,0,0,0.00,0.00,0,0
1535118764,total,18360926.00,18368232.00,36729160.00,18368232,18360926,6346.00,6347.00,12693.00,6347,6346,0.00,0.00,0,0
1535118765,s3-eth1,2503396.00,31086.00,2534482.00,31086,2503396,458.00,471.00,929.00,471,458,0.00,0.00,0,0
1535118765,s1-eth2,30426.00,2569348.00,2599774.00,2569348,30426,461.00,470.00,931.00,470,461,0.00,0.00,0,0
1535118765,s2-eth1,2569348.00,30426.00,2599774.00,30426,2569348,470.00,461.00,931.00,461,470,0.00,0.00,0,0
1535118765,lo,0.00,0.00,0.00,0,0,0.00,0.00,0.00,0,0,0.00,0.00,0,0
1535118765,s3-eth2,31746.00,2437444.00,2469190.00,2437444,31746,481.00,446.00,927.00,446,481,0.00,0.00,0,0
1535118765,s1-eth1,2635300.00,29766.00,2665066.00,29766,2635300,482.00,451.00,933.00,451,482,0.00,0.00,0,0
1535118765,s2-eth2,31086.00,2503396.00,2534482.00,2503396,31086,471.00,458.00,929.00,458,471,0.00,0.00,0,0
1535118765,eth0,0.00,0.00,0.00,0,0,0.00,0.00,0.00,0,0,0.00,0.00,0,0
1535118765,total,7801302.00,7601466.00,15402768.00,7601466,7801302,2823.00,2757.00,5580.00,2757,2823,0.00,0.00,0,0
1535118766,s3-eth1,42.00,42.00,84.00,42,42,1.00,1.00,2.00,1,1,0.00,0.00,0,0
1535118766,s1-eth2,42.00,42.00,84.00,42,42,1.00,1.00,2.00,1,1,0.00,0.00,0,0
1535118766,s2-eth1,42.00,42.00,84.00,42,42,1.00,1.00,2.00,1,1,0.00,0.00,0,0
1535118766,lo,0.00,0.00,0.00,0,0,0.00,0.00,0.00,0,0,0.00,0.00,0,0
1535118766,s3-eth2,42.00,42.00,84.00,42,42,1.00,1.00,2.00,1,1,0.00,0.00,0,0
1535118766,s1-eth1,42.00,42.00,84.00,42,42,1.00,1.00,2.00,1,1,0.00,0.00,0,0
1535118766,s2-eth2,42.00,42.00,84.00,42,42,1.00,1.00,2.00,1,1,0.00,0.00,0,0
1535118766,eth0,0.00,0.00,0.00,0,0,0.00,0.00,0.00,0,0,0.00,0.00,0,0
1535118766,total,252.00,252.00,504.00,252,252,6.00,6.00,12.00,6,6,0.00,0.00,0,0
1535118767,s3-eth1,0.00,0.00,0.00,0,0,0.00,0.00,0.00,0,0,0.00,0.00,0,0
1535118767,s1-eth2,0.00,0.00,0.00,0,0,0.00,0.00,0.00,0,0,0.00,0.00,0,0
1535118767,s2-eth1,0.00,0.00,0.00,0,0,0.00,0.00,0.00,0,0,0.00,0.00,0,0
1535118767,lo,0.00,0.00,0.00,0,0,0.00,0.00,0.00,0,0,0.00,0.00,0,0
1535118767,s3-eth2,0.00,0.00,0.00,0,0,0.00,0.00,0.00,0,0,0.00,0.00,0,0
1535118767,s1-eth1,0.00,0.00,0.00,0,0,0.00,0.00,0.00,0,0,0.00,0.00,0,0
1535118767,s2-eth2,0.00,0.00,0.00,0,0,0.00,0.00,0.00,0,0,0.00,0.00,0,0
1535118767,eth0,0.00,0.00,0.00,0,0,0.00,0.00,0.00,0,0,0.00,0.00,0,0
1535118767,total,0.00,0.00,0.00,0,0,0.00,0.00,0.00,0,0,0.00,0.00,0,0
1535118768,s3-eth1,0.00,0.00,0.00,0,0,0.00,0.00,0.00,0,0,0.00,0.00,0,0
1535118768,s1-eth2,0.00,0.00,0.00,0,0,0.00,0.00,0.00,0,0,0.00,0.00,0,0
1535118768,s2-eth1,0.00,0.00,0.00,0,0,0.00,0.00,0.00,0,0,0.00,0.00,0,0
1535118768,lo,0.00,0.00,0.00,0,0,0.00,0.00,0.00,0,0,0.00,0.00,0,0
1535118768,s3-eth2,0.00,0.00,0.00,0,0,0.00,0.00,0.00,0,0,0.00,0.00,0,0
1535118768,s1-eth1,0.00,0.00,0.00,0,0,0.00,0.00,0.00,0,0,0.00,0.00,0,0
1535118768,s2-eth2,0.00,0.00,0.00,0,0,0.00,0.00,0.00,0,0,0.00,0.00,0,0
1535118768,eth0,0.00,0.00,0.00,0,0,0.00,0.00,0.00,0,0,0.00,0.00,0,0
1535118768,total,0.00,0.00,0.00,0,0,0.00,0.00,0.00,0,0,0.00,0.00,0,0
1535118769,s3-eth1,0.00,0.00,0.00,0,0,0.00,0.00,0.00,0,0,0.00,0.00,0,0
1535118769,s1-eth2,0.00,0.00,0.00,0,0,0.00,0.00,0.00,0,0,0.00,0.00,0,0
1535118769,s2-eth1,0.00,0.00,0.00,0,0,0.00,0.00,0.00,0,0,0.00,0.00,0,0
1535118769,lo,516.00,516.00,1032.00,516,516,9.00,9.00,18.00,9,9,0.00,0.00,0,0
1535118769,s3-eth2,0.00,0.00,0.00,0,0,0.00,0.00,0.00,0,0,0.00,0.00,0,0
1535118769,s1-eth1,0.00,0.00,0.00,0,0,0.00,0.00,0.00,0,0,0.00,0.00,0,0
1535118769,s2-eth2,0.00,0.00,0.00,0,0,0.00,0.00,0.00,0,0,0.00,0.00,0,0
1535118769,eth0,342.00,344.00,686.00,344,342,1.00,1.00,2.00,1,1,0.00,0.00,0,0
1535118769,total,858.00,860.00,1718.00,860,858,10.00,10.00,20.00,10,10,0.00,0.00,0,0
1535118770,s3-eth1,0.00,0.00,0.00,0,0,0.00,0.00,0.00,0,0,0.00,0.00,0,0
1535118770,s1-eth2,0.00,0.00,0.00,0,0,0.00,0.00,0.00,0,0,0.00,0.00,0,0
1535118770,s2-eth1,0.00,0.00,0.00,0,0,0.00,0.00,0.00,0,0,0.00,0.00,0,0
1535118770,lo,0.00,0.00,0.00,0,0,0.00,0.00,0.00,0,0,0.00,0.00,0,0
1535118770,s3-eth2,0.00,0.00,0.00,0,0,0.00,0.00,0.00,0,0,0.00,0.00,0,0
1535118770,s1-eth1,0.00,0.00,0.00,0,0,0.00,0.00,0.00,0,0,0.00,0.00,0,0
1535118770,s2-eth2,0.00,0.00,0.00,0,0,0.00,0.00,0.00,0,0,0.00,0.00,0,0
1535118770,eth0,0.00,0.00,0.00,0,0,0.00,0.00,0.00,0,0,0.00,0.00,0,0
1535118770,total,0.00,0.00,0.00,0,0,0.00,0.00,0.00,0,0,0.00,0.00,0,0
1535118771,s3-eth1,0.00,0.00,0.00,0,0,0.00,0.00,0.00,0,0,0