1535118168,s3-eth1,0.00,0.00,0.00,0,0,0.00,0.00,0.00,0,0,0.00,0.00,0,0
1535118168,s1-eth2,0.00,0.00,0.00,0,0,0.00,0.00,0.00,0,0,0.00,0.00,0,0
1535118168,s2-eth1,0.00,0.00,0.00,0,0,0.00,0.00,0.00,0,0,0.00,0.00,0,0
1535118168,lo,0.00,0.00,0.00,0,0,0.00,0.00,0.00,0,0,0.00,0.00,0,0
1535118168,s3-eth2,0.00,0.00,0.00,0,0,0.00,0.00,0.00,0,0,0.00,0.00,0,0
1535118168,s1-eth1,0.00,0.00,0.00,0,0,0.00,0.00,0.00,0,0,0.00,0.00,0,0
1535118168,s2-eth2,0.00,0.00,0.00,0,0,0.00,0.00,0.00,0,0,0.00,0.00,0,0
1535118168,eth0,0.00,0.00,0.00,0,0,0.00,0.00,0.00,0,0,0.00,0.00,0,0
1535118168,total,0.00,0.00,0.00,0,0,0.00,0.00,0.00,0,0,0.00,0.00,0,0
1535118169,s3-eth1,1224400.00,27254.00,1251654.00,27254,1224400,428.00,411.00,839.00,411,428,0.00,0.00,0,0
1535118169,s1-eth2,27004.00,1224490.00,1251494.00,1224490,27004,408.00,429.00,837.00,429,408,0.00,0.00,0,0
1535118169,s2-eth1,1224490.00,27004.00,1251494.00,27004,1224490,429.00,408.00,837.00,408,429,0.00,0.00,0,0
1535118169,lo,7592.00,7592.00,15184.00,7592,7592,78.00,78.00,156.00,78,78,0.00,0.00,0,0
1535118169,s3-eth2,27348.00,1224150.00,1251498.00,1224150,27348,412.00,425.00,837.00,425,412,0.00,0.00,0,0
1535118169,s1-eth1,1224650.00,26754.00,1251404.00,26754,1224650,431.00,405.00,836.00,405,431,0.00,0.00,0,0
1535118169,s2-eth2,27254.00,1224400.00,1251654.00,1224400,27254,411.00,428.00,839.00,428,411,0.00,0.00,0,0
1535118169,eth0,0.00,0.00,0.00,0,0,0.00,0.00,0.00,0,0,0.00,0.00,0,0
1535118169,total,3762738.00,3761644.00,7524382.00,3761644,3762738,2597.00,2584.00,5181.00,2584,2597,0.00,0.00,0,0
1535118170,s3-eth1,1225414.00,26730.00,1252144.00,26730,1225414,423.00,405.00,828.00,405,423,0.00,0.00,0,0
1535118170,s1-eth2,26730.00,1222452.00,1249182.00,1222452,26730,405.00,422.00,827.00,422,405,0.00,0.00,0,0
1535118170,s2-eth1,1222452.00,26730.00,1249182.00,26730,1222452,422.00,405.00,827.00,405,422,0.00,0.00,0,0
1535118170,lo,0.00,0.00,0.00,0,0,0.00,0.00,0.00,0,0,0.00,0.00,0,0
1535118170,s3-eth2,26820.00,1222452.00,1249272.00,1222452,26820,406.00,422.00,828.00,422,406,0.00,0.00,0,0
1535118170,s1-eth1,1222542.00,26730.00,1249272.00,26730,1222542,423.00,405.00,828.00,405,423,0.00,0.00,0,0
1535118170,s2-eth2,26730.00,1225414.00,1252144.00,1225414,26730,405.00,423.00,828.00,423,405,0.00,0.00,0,0
1535118170,eth0,0.00,0.00,0.00,0,0,0.00,0.00,0.00,0,0,0.00,0.00,0,0
1535118170,total,3750688.00,3750508.00,7501196.00,3750508,3750688,2484.00,2482.00,4966.00,2482,2484,0.00,0.00,0,0
1535118171,s3-eth1,1223900.00,26862.00,1250762.00,26862,1223900,422.00,407.00,829.00,407,422,0.00,0.00,0,0
1535118171,s1-eth2,26928.00,1223900.00,1250828.00,1223900,26928,408.00,422.00,830.00,422,408,0.00,0.00,0,0
1535118171,s2-eth1,1223900.00,26928.00,1250828.00,26928,1223900,422.00,408.00,830.00,408,422,0.00,0.00,0,0
1535118171,lo,0.00,0.00,0.00,0,0,0.00,0.00,0.00,0,0,0.00,0.00,0,0
1535118171,s3-eth2,26928.00,1223900.00,1250828.00,1223900,26928,408.00,422.00,830.00,422,408,0.00,0.00,0,0
1535118171,s1-eth1,1223900.00,26862.00,1250762.00,26862,1223900,422.00,407.00,829.00,407,422,0.00,0.00,0,0
1535118171,s2-eth2,26862.00,1223900.00,1250762.00,1223900,26862,407.00,422.00,829.00,422,407,0.00,0.00,0,0
1535118171,eth0,0.00,0.00,0.00,0,0,0.00,0.00,0.00,0,0,0.00,0.00,0,0
1535118171,total,3752418.00,3752352.00,7504770.00,3752352,3752418,2489.00,2488.00,4977.00,2488,2489,0.00,0.00,0,0
1535118172,s3-eth1,1223900.00,26800.00,1250700.00,26800,1223900,422.00,406.00,828.00,406,422,0.00,0.00,0,0
1535118172,s1-eth2,26734.00,1223970.00,1250704.00,1223970,26734,405.00,423.00,828.00,423,405,0.00,0.00,0,0
1535118172,s2-eth1,1223970.00,26734.00,1250704.00,26734,1223970,423.00,405.00,828.00,405,423,0.00,0.00,0,0
1535118172,lo,1072.00,1072.00,2144.00,1072,1072,12.00,12.00,24.00,12,12,0.00,0.00,0,0
1535118172,s3-eth2,26800.00,1223900.00,1250700.00,1223900,26800,406.00,422.00,828.00,422,406,0.00,0.00,0,0
1535118172,s1-eth1,1223970.00,26800.00,1250770.00,26800,1223970,423.00,406.00,829.00,406,423,0.00,0.00,0,0
1535118172,s2-eth2,26800.00,1223900.00,1250700.00,1223900,26800,406.00,422.00,828.00,422,406,0.00,0.00,0,0
1535118172,eth0,0.00,0.00,0.00,0,0,0.00,0.00,0.00,0,0,0.00,0.00,0,0
1535118172,total,3753246.00,3753176.00,7506422.00,3753176,3753246,2497.00,2496.00,4993.00,2496,2497,0.00,0.00,0,0
1535118173,s3-eth1,1222592.00,26738.00,1249330.00,26738,1222592,424.00,405.00,829.00,405,424,0.00,0.00,0,0
1535118173,s1-eth2,26734.00,1222592.00,1249326.00,1222592,26734,405.00,424.00,829.00,424,405,0.00,0.00,0,0
1535118173,s2-eth1,1222592.00,26734.00,1249326.00,26734,1222592,424.00,405.00,829.00,405,424,0.00,0.00,0,0
1535118173,lo,2144.00,2144.00,4288.00,2144,2144,24.00,24.00,48.00,24,24,0.00,0.00,0,0
1535118173,s3-eth2,26808.00,1225484.00,1252292.00,1225484,26808,406.00,424.00,830.00,424,406,0.00,0.00,0,0
1535118173,s1-eth1,1225624.00,26598.00,1252222.00,26598,1225624,426.00,403.00,829.00,403,426,0.00,0.00,0,0
1535118173,s2-eth2,26738.00,1222592.00,1249330.00,1222592,26738,405.00,424.00,829.00,424,405,0.00,0.00,0,0
1535118173,eth0,0.00,0.00,0.00,0,0,0.00,0.00,0.00,0,0,0.00,0.00,0,0
1535118173,total,3753232.00,3752882.00,7506114.00,3752882,3753232,2514.00,2509.00,5023.00,2509,2514,0.00,0.00,0,0
1535118174,s3-eth1,1223900.00,26664.00,1250564.00,26664,1223900,422.00,404.00,826.00,404,422,0.00,0.00,0,0
1535118174,s1-eth2,26664.00,1223900.00,1250564.00,1223900,26664,404.00,422.00,826.00,422,404,0.00,0.00,0,0
1535118174,s2-eth1,1223900.00,26664.00,1250564.00,26664,1223900,422.00,404.00,826.00,404,422,0.00,0.00,0,0
1535118174,lo,0.00,0.00,0.00,0,0,0.00,0.00,0.00,0,0,0.00,0.00,0,0
1535118174,s3-eth2,26664.00,1223900.00,1250564.00,1223900,26664,404.00,422.00,826.00,422,404,0.00,0.00,0,0
1535118174,s1-eth1,1223900.00,26664.00,1250564.00,26664,1223900,422.00,404.00,826.00,404,422,0.00,0.00,0,0
1535118174,s2-eth2,26664.00,1223900.00,1250564.00,1223900,26664,404.00,422.00,826.00,422,404,0.00,0.00,0,0
1535118174,eth0,0.00,0.00,0.00,0,0,0.00,0.00,0.00,0,0,0.00,0.00,0,0
1535118174,total,3751692.00,3751692.00,7503384.00,3751692,3751692,2478.00,2478.00,4956.00,2478,2478,0.00,0.00,0,0
1535118175,s3-eth1,1223900.00,26796.00,1250696.00,26796,1223900,422.00,406.00,828.00,406,422,0.00,0.00,0,0
1535118175,s1-eth2,26796.00,1223900.00,1250696.00,1223900,26796,406.00,422.00,828.00,422,406,0.00,0.00,0,0
1535118175,s2-eth1,1223900.00,26796.00,1250696.00,26796,1223900,422.00,406.00,828.00,406,422,0.00,0.00,0,0
1535118175,lo,0.00,0.00,0.00,0,0,0.00,0.00,0.00,0,0,0.00,0.00,0,0
1535118175,s3-eth2,26796.00,1223900.00,1250696.00,1223900,26796,406.00,422.00,828.00,422,406,0.00,0.00,0,0
1535118175,s1-eth1,1223900.00,26796.00,1250696.00,26796,1223900,422.00,406.00,828.00,406,422,0.00,0.00,0,0
1535118175,s2-eth2,26796.00,1223900.00,1250696.00,1223900,26796,406.00,422.00,828.00,422,406,0.00,0.00,0,0
1535118175,eth0,0.00,0.00,0.00,0,0,0.00,0.00,0.00,0,0,0.00,0.00,0,0
1535118175,total,3752088.00,3752088.00,7504176.00,3752088,3752088,2484.00,2484.00,4968.00,2484,2484,0.00,0.00,0,0
1535118176,s3-eth1,1224890.00,26272.00,1251162.00,26272,1224890,437.00,398.00,835.00,398,437,0.00,0.00,0,0
1535118176,s1-eth2,26206.00,1224960.00,1251166.00,1224960,26206,397.00,438.00,835.00,438,397,0.00,0.00,0,0
1535118176,s2-eth1,1224960.00,26206.00,1251166.00,26206,1224960,438.00,397.00,835.00,397,438,0.00,0.00,0,0
1535118176,lo,1072.00,1072.00,2144.00,1072,1072,12.00,12.00,24.00,12,12,0.00,0.00,0,0
1535118176,s3-eth2,26206.00,1224890.00,1251096.00,1224890,26206,397.00,437.00,834.00,437,397,0.00,0.00,0,0
1535118176,s1-eth1,1224960.00,26206.00,1251166.00,26206,1224960,438.00,397.00,835.00,397,438,0.00,0.00,0,0
1535118176,s2-eth2,26272.00,1224890.00,1251162.00,1224890,26272,398.00,437.00,835.00,437,398,0.00,0.00,0,0
1535118176,eth0,0.00,0.00,0.00,0,0,0.00,0.00,0.00,0,0,0.00,0.00,0,0
1535118176,total,3754566.00,3754496.00,7509062.00,3754496,3754566,2517.00,2516.00,5033.00,2516,2517,0.00,0.00,0,0
1535118177,s3-eth1,1222922.00,26408.00,1249330.00,26408,1222922,429.00,400.00,829.00,400,429,0.00,0.00,0,0
1535118177,s1-eth2,26338.00,1225884.00,1252222.00,1225884,26338,399.00,430.00,829.00,430,399,0.00,0.00,0,0
1535118177,s2-eth1,1225884.00,26338.00,1252222.00,26338,1225884,430.00,399.00,829.00,399,430,0.00,0.00,0,0
1535118177,lo,2144.00,2144.00,4288.00,2144,2144,24.00,24.00,48.00,24,24,0.00,0.00,0,0
1535118177,s3-eth2,26478.00,1222852.00,1249330.00,1222852,26478,401.00,428.00,829.00,428,401,0.00,0.00,0,0
1535118177,s1-eth1,1222992.00,26268.00,1249260.00,26268,1222992,430.00,398.00,828.00,398,430,0.00,0.00,0,0
1535118177,s2-eth2,26408.00,1222922.00,1249330.00,1222922,26408,400.00,429.00,829.00,429,400,0.00,0.00,0,0
1535118177,eth0,0.00,0.00,0.00,0,0,0.00,0.00,0.00,0,0,0.00,0.00,0,0
1535118177,total,3753166.00,3752816.00,7505982.00,3752816,3753166,2513.00,2508.00,5021.00,2508,2513,0.00,0.00,0,0
1535118178,s3-eth1,1223900.00,26664.00,1250564.00,26664,1223900,422.00,404.00,826.00,404,422,0.00,0.00,0,0
1535118178,s1-eth2,26664.00,1223900.00,1250564.00,1223900,26664,404.00,422.00,826.00,422,404,0.00,0.00,0,0
1535118178,s2-eth1,1223900.00,26664.00,1250564.00,26664,1223900,422.00,404.00,826.00,404,422,0.00,0.00,0,0
1535118178,lo,0.00,0.00,0.00,0,0,0.00,0.00,0.00,0,0,0.00,0.00,0,0
1535118178,s3-eth2,26664.00,1223900.00,1250564.00,1223900,26664,404.00,422.00,826.00,422,404,0.00,0.00,0,0
1535118178,s1-eth1,1223900.00,26664.00,1250564.00,26664,1223900,422.00,404.00,826.00,404,422,0.00,0.00,0,0
1535118178,s2-eth2,26664.00,1223900.00,1250564.00,1223900,26664,404.00,422.00,826.00,422,404,0.00,0.00,0,0
1535118178,eth0,0.00,0.00,0.00,0,0,0.00,0.00,0.00,0,0,0.00,0.00,0,0
1535118178,total,3751692.00,3751692.00,7503384.00,3751692,3751692,2478.00,2478.00,4956.00,2478,2478,0.00,0.00,0,0
1535118179,s3-eth1,1225414.00,26598.00,1252012.00,26598,1225414,423.00,403.00,826.00,403,423,0.00,0.00,0,0
1535118179,s1-eth2,26598.00,1222452.00,1249050.00,1222452,26598,403.00,422.00,825.00,422,403,0.00,0.00,0,0
1535118179,s2-eth1,1222452.00,26598.00,1249050.00,26598,1222452,422.00,403.00,825.00,403,422,0.00,0.00,0,0
1535118179,lo,0.00,0.00,0.00,0,0,0.00,0.00,0.00,0,0,0.00,0.00,0,0
1535118179,s3-eth2,26664.00,1222452.00,1249116.00,1222452,26664,404.00,422.00,826.00,422,404,0.00,0.00,0,0
1535118179,s1-eth1,1222452.00,26664.00,1249116.00,26664,1222452,422.00,404.00,826.00,404,422,0.00,0.00,0,0
1535118179,s2-eth2,26598.00,1225414.00,1252012.00,1225414,26598,403.00,423.00,826.00,423,403,0.00,0.00,0,0
1535118179,eth0,0.00,0.00,0.00,0,0,0.00,0.00,0.00,0,0,0.00,0.00,0,0
1535118179,total,3750178.00,3750178.00,7500356.00,3750178,3750178,2477.00,2477.00,4954.00,2477,2477,0.00,0.00,0,0
1535118180,s3-eth1,1194280.00,26004.00,1220284.00,26004,1194280,412.00,394.00,806.00,394,412,0.00,0.00,0,0
1535118180,s1-eth2,26004.00,1194280.00,1220284.00,1194280,26004,394.00,412.00,806.00,412,394,0.00,0.00,0,0
1535118180,s2-eth1,1194280.00,26004.00,1220284.00,26004,1194280,412.00,394.00,806.00,394,412,0.00,0.00,0,0
1535118180,lo,0.00,0.00,0.00,0,0,0.00,0.00,0.00,0,0,0.00,0.00,0,0
1535118180,s3-eth2,25938.00,1197242.00,1223180.00,1197242,25938,393.00,413.00,806.00,413,393,0.00,0.00,0,0
1535118180,s1-eth1,1194280.00,26004.00,1220284.00,26004,1194280,412.00,394.00,806.00,394,412,0.00,0.00,0,0
1535118180,s2-eth2,26004.00,1194280.00,1220284.00,1194280,26004,394.00,412.00,806.00,412,394,0.00,0.00,0,0
1535118180,eth0,0.00,0.00,0.00,0,0,0.00,0.00,0.00,0,0,0.00,0.00,0,0
1535118180,total,3660786.00,3663814.00,7324600.00,3663814,3660786,2417.00,2419.00,4836.00,2419,2417,0.00,0.00,0,0
1535118181,s3-eth1,1223900.00,26730.00,1250630.00,26730,1223900,422.00,405.00,827.00,405,422,0.00,0.00,0,0
1535118181,s1-eth2,26730.00,1223900.00,1250630.00,1223900,26730,405.00,422.00,827.00,422,405,0.00,0.00,0,0
1535118181,s2-eth1,1223900.00,26730.00,1250630.00,26730,1223900,422.00,405.00,827.00,405,422,0.00,0.00,0,0
1535118181,lo,344.00,344.00,688.00,344,344,6.00,6.00,12.00,6,6,0.00,0.00,0,0
1535118181,s3-eth2,26730.00,1223900.00,1250630.00,1223900,26730,405.00,422.00,827.00,422,405,0.00,0.00,0,0
1535118181,s1-eth1,1223900.00,26730.00,1250630.00,26730,1223900,422.00,405.00,827.00,405,422,0.00,0.00,0,0
1535118181,s2-eth2,26730.00,1223900.00,1250630.00,1223900,26730,405.00,422.00,827.00,422,405,0.00,0.00,0,0
1535118181,eth0,0.00,0.00,0.00,0,0,0.00,0.00,0.00,0,0,0.00,0.00,0,0
1535118181,total,3752234.00,3752234.00,7504468.00,3752234,3752234,2487.00,2487.00,4974.00,2487,2487,0.00,0.00,0,0
1535118182,s3-eth1,1223900.00,26664.00,1250564.00,26664,1223900,422.00,404.00,826.00,404,422,0.00,0.00,0,0
1535118182,s1-eth2,26664.00,1223900.00,1250564.00,1223900,26664,404.00,422.00,826.00,422,404,0.00,0.00,0,0
1535118182,s2-eth1,1223900.00,26664.00,1250564.00,26664,1223900,422.00,404.00,826.00,404,422,0.00,0.00,0,0
1535118182,lo,172.00,172.00,344.00,172,172,3.00,3.00,6.00,3,3,0.00,0.00,0,0
1535118182,s3-eth2,26664.00,1223900.00,1250564.00,1223900,26664,404.00,422.00,826.00,422,404,0.00,0.00,0,0
1535118182,s1-eth1,1223900.00,26664.00,1250564.00,26664,1223900,422.00,404.00,826.00,404,422,0.00,0.00,0,0
1535118182,s2-eth2,26664.00,1223900.00,1250564.00,1223900,26664,404.00,422.00,826.00,422,404,0.00,0.00,0,0
1535118182,eth0,0.00,0.00,0.00,0,0,0.00,0.00,0.00,0,0,0.00,0.00,0,0
1535118182,total,3751864.00,3751864.00,7503728.00,3751864,3751864,2481.00,2481.00,4962.00,2481,2481,0.00,0.00,0,0
1535118183,s3-eth1,1225414.00,26598.00,1252012.00,26598,1225414,423.00,403.00,826.00,403,423,0.00,0.00,0,0
1535118183,s1-eth2,26664.00,1225414.00,1252078.00,1225414,26664,404.00,423.00,827.00,423,404,0.00,0.00,0,0
1535118183,s2-eth1,1225414.00,26664.00,1252078.00,26664,1225414,423.00,404.00,827.00,404,423,0.00,0.00,0,0
1535118183,lo,0.00,0.00,0.00,0,0,0.00,0.00,0.00,0,0,0.00,0.00,0,0
1535118183,s3-eth2,26664.00,1225414.00,1252078.00,1225414,26664,404.00,423.00,827.00,423,404,0.00,0.00,0,0
1535118183,s1-eth1,1225414.00,26598.00,1252012.00,26598,1225414,423.00,403.00,826.00,403,423,0.00,0.00,0,0
1535118183,s2-eth2,26598.00,1225414.00,1252012.00,1225414,26598,403.00,423.00,826.00,423,403,0.00,0.00,0,0
1535118183,eth0,0.00,0.00,0.00,0,0,0.00,0.00,0.00,0,0,0.00,0.00,0,0
1535118183,total,3756168.00,3756102.00,7512270.00,3756102,3756168,2480.00,2479.00,4959.00,2479,2480,0.00,0.00,0,0
1535118184,s3-eth1,1220938.00,26664.00,1247602.00,26664,1220938,421.00,404.00,825.00,404,421,0.00,0.00,0,0
1535118184,s1-eth2,26664.00,1220938.00,1247602.00,1220938,26664,404.00,421.00,825.00,421,404,0.00,0.00,0,0
1535118184,s2-eth1,1220938.00,26664.00,1247602.00,26664,1220938,421.00,404.00,825.00,404,421,0.00,0.00,0,0
1535118184,lo,0.00,0.00,0.00,0,0,0.00,0.00,0.00,0,0,0.00,0.00,0,0
1535118184,s3-eth2,26664.00,1220938.00,1247602.00,1220938,26664,404.00,421.00,825.00,421,404,0.00,0.00,0,0
1535118184,s1-eth1,1220938.00,26664.00,1247602.00,26664,1220938,421.00,404.00,825.00,404,421,0.00,0.00,0,0
1535118184,s2-eth2,26664.00,1220938.00,1247602.00,1220938,26664,404.00,421.00,825.00,421,404,0.00,0.00,0,0
1535118184,eth0,0.00,0.00,0.00,0,0,0.00,0.00,0.00,0,0,0.00,0.00,0,0
1535118184,total,3742806.00,3742806.00,7485612.00,3742806,3742806,2475.00,2475.00,4950.00,2475,2475,0.00,0.00,0,0
1535118185,s3-eth1,1226272.00,26070.00,1252342.00,26070,1226272,436.00,395.00,831.00,395,436,0.00,0.00,0,0
1535118185,s1-eth2,26004.00,1226272.00,1252276.00,1226272,26004,394.00,436.00,830.00,436,394,0.00,0.00,0,0
1535118185,s2-eth1,1226272.00,26004.00,1252276.00,26004,1226272,436.00,394.00,830.00,394,436,0.00,0.00,0,0
1535118185,lo,0.00,0.00,0.00,0,0,0.00,0.00,0.00,0,0,0.00,0.00,0,0
1535118185,s3-eth2,26070.00,1224824.00,1250894.00,1224824,26070,395.00,436.00,831.00,436,395,0.00,0.00,0,0
1535118185,s1-eth1,1226272.00,26004.00,1252276.00,26004,1226272,436.00,394.00,830.00,394,436,0.00,0.00,0,0
1535118185,s2-eth2,26070.00,1226272.00,1252342.00,1226272,26070,395.00,436.00,831.00,436,395,0.00,0.00,0,0
1535118185,eth0,0.00,0.00,0.00,0,0,0.00,0.00,0.00,0,0,0.00,0.00,0,0
1535118185,total,3756960.00,3755446.00,7512406.00,3755446,3756960,2492.00,2491.00,4983.00,2491,2492,0.00,0.00,0,0
1535118186,s3-eth1,1224362.00,26268.00,1250630.00,26268,1224362,429.00,398.00,827.00,398,429,0.00,0.00,0,0
1535118186,s1-eth2,26268.00,1224362.00,1250630.00,1224362,26268,398.00,429.00,827.00,429,398,0.00,0.00,0,0
1535118186,s2-eth1,1224362.00,26268.00,1250630.00,26268,1224362,429.00,398.00,827.00,398,429,0.00,0.00,0,0
1535118186,lo,344.00,344.00,688.00,344,344,6.00,6.00,12.00,6,6,0.00,0.00,0,0
1535118186,s3-eth2,26202.00,1225810.00,1252012.00,1225810,26202,397.00,429.00,826.00,429,397,0.00,0.00,0,0
1535118186,s1-eth1,1224362.00,26268.00,1250630.00,26268,1224362,429.00,398.00,827.00,398,429,0.00,0.00,0,0
1535118186,s2-eth2,26268.00,1224362.00,1250630.00,1224362,26268,398.00,429.00,827.00,429,398,0.00,0.00,0,0
1535118186,eth0,0.00,0.00,0.00,0,0,0.00,0.00,0.00,0,0,0.00,0.00,0,0
1535118186,total,3752168.00,3753682.00,7505850.00,3753682,3752168,2486.00,2487.00,4973.00,2487,2486,0.00,0.00,0,0
1535118187,s3-eth1,1223900.00,26598.00,1250498.00,26598,1223900,422.00,403.00,825.00,403,422,0.00,0.00,0,0
1535118187,s1-eth2,26664.00,1223900.00,1250564.00,1223900,26664,404.00,422.00,826.00,422,404,0.00,0.00,0,0
1535118187,s2-eth1,1223900.00,26664.00,1250564.00,26664,1223900,422.00,404.00,826.00,404,422,0.00,0.00,0,0
1535118187,lo,172.00,172.00,344.00,172,172,3.00,3.00,6.00,3,3,0.00,0.00,0,0
1535118187,s3-eth2,26664.00,1223900.00,1250564.00,1223900,26664,404.00,422.00,826.00,422,404,0.00,0.00,0,0
1535118187,s1-eth1,1223900.00,26664.00,1250564.00,26664,1223900,422.00,404.00,826.00,404,422,0.00,0.00,0,0
1535118187,s2-eth2,26598.00,1223900.00,1250498.00,1223900,26598,403.00,422.00,825.00,422,403,0.00,0.00,0,0
1535118187,eth0,0.00,0.00,0.00,0,0,0.00,0.00,0.00,0,0,0.00,0.00,0,0
1535118187,total,3751798.00,3751798.00,7503596.00,3751798,3751798,2480.00,2480.00,4960.00,2480,2480,0.00,0.00,0,0
1535118188,s3-eth1,1222452.00,26664.00,1249116.00,26664,1222452,422.00,404.00,826.00,404,422,0.00,0.00,0,0
1535118188,s1-eth2,26664.00,1223900.00,1250564.00,1223900,26664,404.00,422.00,826.00,422,404,0.00,0.00,0,0
1535118188,s2-eth1,1223900.00,26664.00,1250564.00,26664,1223900,422.00,404.00,826.00,404,422,0.00,0.00,0,0
1535118188,lo,0.00,0.00,0.00,0,0,0.00,0.00,0.00,0,0,0.00,0.00,0,0
1535118188,s3-eth2,26664.00,1222452.00,1249116.00,1222452,26664,404.00,422.00,826.00,422,404,0.00,0.00,0,0
1535118188,s1-eth1,1223900.00,26664.00,1250564.00,26664,1223900,422.00,404.00,826.00,404,422,0.00,0.00,0,0
1535118188,s2-eth2,26664.00,1222452.00,1249116.00,1222452,26664,404.00,422.00,826.00,422,404,0.00,0.00,0,0
1535118188,eth0,0.00,0.00,0.00,0,0,0.00,0.00,0.00,0,0,0.00,0.00,0,0
1535118188,total,3750244.00,3748796.00,7499040.00,3748796,3750244,2478.00,2478.00,4956.00,2478,2478,0.00,0.00,0,0
1535118189,s3-eth1,1223900.00,26664.00,1250564.00,26664,1223900,422.00,404.00,826.00,404,422,0.00,0.00,0,0
1535118189,s1-eth2,26598.00,1222452.00,1249050.00,1222452,26598,403.00,422.00,825.00,422,403,0.00,0.00,0,0
1535118189,s2-eth1,1222452.00,26598.00,1249050.00,26598,1222452,422.00,403.00,825.00,403,422,0.00,0.00,0,0
1535118189,lo,0.00,0.00,0.00,0,0,0.00,0.00,0.00,0,0,0.00,0.00,0,0
1535118189,s3-eth2,26598.00,1223900.00,1250498.00,1223900,26598,403.00,422.00,825.00,422,403,0.00,0.00,0,0
1535118189,s1-eth1,1222452.00,26664.00,1249116.00,26664,1222452,422.00,404.00,826.00,404,422,0.00,0.00,0,0
1535118189,s2-eth2,26664.00,1223900.00,1250564.00,1223900,26664,404.00,422.00,826.00,422,404,0.00,0.00,0,0
1535118189,eth0,0.00,0.00,0.00,0,0,0.00,0.00,0.00,0,0,0.00,0.00,0,0
1535118189,total,3748664.00,3750178.00,7498842.00,3750178,3748664,2476.00,2477.00,4953.00,2477,2476,0.00,0.00,0,0
1535118190,s3-eth1,1223900.00,26664.00,1250564.00,26664,1223900,422.00,404.00,826.00,404,422,0.00,0.00,0,0
1535118190,s1-eth2,26664.00,1223900.00,1250564.00,1223900,26664,404.00,422.00,826.00,422,404,0.00,0.00,0,0
1535118190,s2-eth1,1223900.00,26664.00,1250564.00,26664,1223900,422.00,404.00,826.00,404,422,0.00,0.00,0,0
1535118190,lo,0.00,0.00,0.00,0,0,0.00,0.00,0.00,0,0,0.00,0.00,0,0
1535118190,s3-eth2,26664.00,1223900.00,1250564.00,1223900,26664,404.00,422.00,826.00,422,404,0.00,0.00,0,0
1535118190,s1-eth1,1223900.00,26664.00,1250564.00,26664,1223900,422.00,404.00,826.00,404,422,0.00,0.00,0,0
1535118190,s2-eth2,26664.00,1223900.00,1250564.00,1223900,26664,404.00,422.00,826.00,422,404,0.00,0.00,0,0
1535118190,eth0,0.00,0.00,0.00,0,0,0.00,0.00,0.00,0,0,0.00,0.00,0,0
1535118190,total,3751692.00,3751692.00,7503384.00,3751692,3751692,2478.00,2478.00,4956.00,2478,2478,0.00,0.00,0,0
1535118191,s3-eth1,1225414.00,26664.00,1252078.00,26664,1225414,423.00,404.00,827.00,404,423,0.00,0.00,0,0
1535118191,s1-eth2,26664.00,1225414.00,1252078.00,1225414,26664,404.00,423.00,827.00,423,404,0.00,0.00,0,0
1535118191,s2-eth1,1225414.00,26664.00,1252078.00,26664,1225414,423.00,404.00,827.00,404,423,0.00,0.00,0,0
1535118191,lo,344.00,344.00,688.00,344,344,6.00,6.00,12.00,6,6,0.00,0.00,0,0
1535118191,s3-eth2,26664.00,1225414.00,1252078.00,1225414,26664,404.00,423.00,827.00,423,404,0.00,0.00,0,0
1535118191,s1-eth1,1223900.00,26664.00,1250564.00,26664,1223900,422.00,404.00,826.00,404,422,0.00,0.00,0,0
1535118191,s2-eth2,26664.00,1225414.00,1252078.00,1225414,26664,404.00,423.00,827.00,423,404,0.00,0.00,0,0
1535118191,eth0,0.00,0.00,0.00,0,0,0.00,0.00,0.00,0,0,0.00,0.00,0,0
1535118191,total,3755064.00,3756578.00,7511642.00,3756578,3755064,2486.00,2487.00,4973.00,2487,2486,0.00,0.00,0,0
1535118192,s3-eth1,1225286.00,25608.00,1250894.00,25608,1225286,443.00,388.00,831.00,388,443,0.00,0.00,0,0
1535118192,s1-eth2,25674.00,1225286.00,1250960.00,1225286,25674,389.00,443.00,832.00,443,389,0.00,0.00,0,0
1535118192,s2-eth1,1225286.00,25674.00,1250960.00,25674,1225286,443.00,389.00,832.00,389,443,0.00,0.00,0,0
1535118192,lo,172.00,172.00,344.00,172,172,3.00,3.00,6.00,3,3,0.00,0.00,0,0
1535118192,s3-eth2,25674.00,1225286.00,1250960.00,1225286,25674,389.00,443.00,832.00,443,389,0.00,0.00,0,0
1535118192,s1-eth1,1226800.00,25608.00,1252408.00,25608,1226800,444.00,388.00,832.00,388,444,0.00,0.00,0,0
1535118192,s2-eth2,25608.00,1225286.00,1250894.00,1225286,25608,388.00,443.00,831.00,443,388,0.00,0.00,0,0
1535118192,eth0,0.00,0.00,0.00,0,0,0.00,0.00,0.00,0,0,0.00,0.00,0,0
1535118192,total,3754500.00,3752920.00,7507420.00,3752920,3754500,2499.00,2497.00,4996.00,2497,2499,0.00,0.00,0,0
1535118193,s3-eth1,1220938.00,26664.00,1247602.00,26664,1220938,421.00,404.00,825.00,404,421,0.00,0.00,0,0
1535118193,s1-eth2,26664.00,1220938.00,1247602.00,1220938,26664,404.00,421.00,825.00,421,404,0.00,0.00,0,0
1535118193,s2-eth1,1220938.00,26664.00,1247602.00,26664,1220938,421.00,404.00,825.00,404,421,0.00,0.00,0,0
1535118193,lo,0.00,0.00,0.00,0,0,0.00,0.00,0.00,0,0,0.00,0.00,0,0
1535118193,s3-eth2,26664.00,1220938.00,1247602.00,1220938,26664,404.00,421.00,825.00,421,404,0.00,0.00,0,0
1535118193,s1-eth1,1220938.00,26664.00,1247602.00,26664,1220938,421.00,404.00,825.00,404,421,0.00,0.00,0,0
1535118193,s2-eth2,26664.00,1220938.00,1247602.00,1220938,26664,404.00,421.00,825.00,421,404,0.00,0.00,0,0
1535118193,eth0,0.00,0.00,0.00,0,0,0.00,0.00,0.00,0,0,0.00,0.00,0,0
1535118193,total,3742806.00,3742806.00,7485612.00,3742806,3742806,2475.00,2475.00,4950.00,2475,2475,0.00,0.00,0,0
1535118194,s3-eth1,1225414.00,26664.00,1252078.00,26664,1225414,423.00,404.00,827.00,404,423,0.00,0.00,0,0
1535118194,s1-eth2,26598.00,1225414.00,1252012.00,1225414,26598,403.00,423.00,826.00,423,403,0.00,0.00,0,0
1535118194,s2-eth1,1225414.00,26598.00,1252012.00,26598,1225414,423.00,403.00,826.00,403,423,0.00,0.00,0,0
1535118194,lo,0.00,0.00,0.00,0,0,0.00,0.00,0.00,0,0,0.00,0.00,0,0
1535118194,s3-eth2,26664.00,1225414.00,1252078.00,1225414,26664,404.00,423.00,827.00,423,404,0.00,0.00,0,0
1535118194,s1-eth1,1225414.00,26598.00,1252012.00,26598,1225414,423.00,403.00,826.00,403,423,0.00,0.00,0,0
1535118194,s2-eth2,26664.00,1225414.00,1252078.00,1225414,26664,404.00,423.00,827.00,423,404,0.00,0.00,0,0
1535118194,eth0,0.00,0.00,0.00,0,0,0.00,0.00,0.00,0,0,0.00,0.00,0,0
1535118194,total,3756168.00,3756102.00,7512270.00,3756102,3756168,2480.00,2479.00,4959.00,2479,2480,0.00,0.00,0,0
1535118195,s3-eth1,1220938.00,26598.00,1247536.00,26598,1220938,421.00,403.00,824.00,403,421,0.00,0.00,0,0
1535118195,s1-eth2,26664.00,1220938.00,1247602.00,1220938,26664,404.00,421.00,825.00,421,404,0.00,0.00,0,0
1535118195,s2-eth1,1220938.00,26664.00,1247602.00,26664,1220938,421.00,404.00,825.00,404,421,0.00,0.00,0,0
1535118195,lo,0.00,0.00,0.00,0,0,0.00,0.00,0.00,0,0,0.00,0.00,0,0
1535118195,s3-eth2,26598.00,1220938.00,1247536.00,1220938,26598,403.00,421.00,824.00,421,403,0.00,0.00,0,0
1535118195,s1-eth1,1220938.00,26664.00,1247602.00,26664,1220938,421.00,404.00,825.00,404,421,0.00,0.00,0,0
1535118195,s2-eth2,26598.00,1220938.00,1247536.00,1220938,26598,403.00,421.00,824.00,421,403,0.00,0.00,0,0
1535118195,eth0,0.00,0.00,0.00,0,0,0.00,0.00,0.00,0,0,0.00,0.00,0,0
1535118195,total,3742674.00,3742740.00,7485414.00,3742740,3742674,2473.00,2474.00,4947.00,2474,2473,0.00,0.00,0,0
1535118196,s3-eth1,1223900.00,26664.00,1250564.00,26664,1223900,422.00,404.00,826.00,404,422,0.00,0.00,0,0
1535118196,s1-eth2,26598.00,1223900.00,1250498.00,1223900,26598,403.00,422.00,825.00,422,403,0.00,0.00,0,0
1535118196,s2-eth1,1223900.00,26598.00,1250498.00,26598,1223900,422.00,403.00,825.00,403,422,0.00,0.00,0,0
1535118196,lo,344.00,344.00,688.00,344,344,6.00,6.00,12.00,6,6,0.00,0.00,0,0
1535118196,s3-eth2,26664.00,1223900.00,1250564.00,1223900,26664,404.00,422.00,826.00,422,404,0.00,0.00,0,0
1535118196,s1-eth1,1223900.00,26664.00,1250564.00,26664,1223900,422.00,404.00,826.00,404,422,0.00,0.00,0,0
1535118196,s2-eth2,26664.00,1223900.00,1250564.00,1223900,26664,404.00,422.00,826.00,422,404,0.00,0.00,0,0
1535118196,eth0,0.00,0.00,0.00,0,0,0.00,0.00,0.00,0,0,0.00,0.00,0,0
1535118196,total,3751970.00,3751970.00,7503940.00,3751970,3751970,2483.00,2483.00,4966.00,2483,2483,0.00,0.00,0,0
1535118197,s3-eth1,1225414.00,26598.00,1252012.00,26598,1225414,423.00,403.00,826.00,403,423,0.00,0.00,0,0
1535118197,s1-eth2,26664.00,1225414.00,1252078.00,1225414,26664,404.00,423.00,827.00,423,404,0.00,0.00,0,0
1535118197,s2-eth1,1225414.00,26664.00,1252078.00,26664,1225414,423.00,404.00,827.00,404,423,0.00,0.00,0,0
1535118197,lo,172.00,172.00,344.00,172,172,3.00,3.00,6.00,3,3,0.00,0.00,0,0
1535118197,s3-eth2,26598.00,1225414.00,1252012.00,1225414,26598,403.00,423.00,826.00,423,403,0.00,0.00,0,0
1535118197,s1-eth1,1225414.00,26598.00,1252012.00,26598,1225414,423.00,403.00,826.00,403,423,0.00,0.00,0,0
1535118197,s2-eth2,26598.00,1225414.00,1252012.00,1225414,26598,403.00,423.00,826.00,423,403,0.00,0.00,0,0
1535118197,eth0,0.00,0.00,0.00,0,0,0.00,0.00,0.00,0,0,0.00,0.00,0,0
1535118197,total,3756274.00,3756274.00,7512548.00,3756274,3756274,2482.00,2482.00,4964.00,2482,2482,0.00,0.00,0,0
1535118198,s3-eth1,1224164.00,26466.00,1250630.00,26466,1224164,426.00,401.00,827.00,401,426,0.00,0.00,0,0
1535118198,s1-eth2,26400.00,1224164.00,1250564.00,1224164,26400,400.00,426.00,826.00,426,400,0.00,0.00,0,0
1535118198,s2-eth1,1224164.00,26400.00,1250564.00,26400,1224164,426.00,400.00,826.00,400,426,0.00,0.00,0,0
1535118198,lo,0.00,0.00,0.00,0,0,0.00,0.00,0.00,0,0,0.00,0.00,0,0
1535118198,s3-eth2,26400.00,1224164.00,1250564.00,1224164,26400,400.00,426.00,826.00,426,400,0.00,0.00,0,0
1535118198,s1-eth1,1222650.00,26466.00,1249116.00,26466,1222650,425.00,401.00,826.00,401,425,0.00,0.00,0,0
1535118198,s2-eth2,26466.00,1224164.00,1250630.00,1224164,26466,401.00,426.00,827.00,426,401,0.00,0.00,0,0
1535118198,eth0,0.00,0.00,0.00,0,0,0.00,0.00,0.00,0,0,0.00,0.00,0,0
1535118198,total,3750244.00,3751824.00,7502068.00,3751824,3750244,2478.00,2480.00,4958.00,2480,2478,0.00,0.00,0,0
1535118199,s3-eth1,1224560.00,26004.00,1250564.00,26004,1224560,432.00,394.00,826.00,394,432,0.00,0.00,0,0
1535118199,s1-eth2,26070.00,1224560.00,1250630.00,1224560,26070,395.00,432.00,827.00,432,395,0.00,0.00,0,0
1535118199,s2-eth1,1224560.00,26070.00,1250630.00,26070,1224560,432.00,395.00,827.00,395,432,0.00,0.00,0,0
1535118199,lo,0.00,0.00,0.00,0,0,0.00,0.00,0.00,0,0,0.00,0.00,0,0
1535118199,s3-eth2,26070.00,1224560.00,1250630.00,1224560,26070,395.00,432.00,827.00,432,395,0.00,0.00,0,0
1535118199,s1-eth1,1226074.00,26004.00,1252078.00,26004,1226074,433.00,394.00,827.00,394,433,0.00,0.00,0,0
1535118199,s2-eth2,26004.00,1224560.00,1250564.00,1224560,26004,394.00,432.00,826.00,432,394,0.00,0.00,0,0
1535118199,eth0,0.00,0.00,0.00,0,0,0.00,0.00,0.00,0,0,0.00,0.00,0,0
1535118199,total,3753338.00,3751758.00,7505096.00,3751758,3753338,2481.00,2479.00,4960.00,2479,2481,0.00,0.00,0,0
1535118200,s3-eth1,1222452.00,26664.00,1249116.00,26664,1222452,422.00,404.00,826.00,404,422,0.00,0.00,0,0
1535118200,s1-eth2,26598.00,1222452.00,1249050.00,1222452,26598,403.00,422.00,825.00,422,403,0.00,0.00,0,0
1535118200,s2-eth1,1222452.00,26598.00,1249050.00,26598,1222452,422.00,403.00,825.00,403,422,0.00,0.00,0,0
1535118200,lo,0.00,0.00,0.00,0,0,0.00,0.00,0.00,0,0,0.00,0.00,0,0
1535118200,s3-eth2,26598.00,1222452.00,1249050.00,1222452,26598,403.00,422.00,825.00,422,403,0.00,0.00,0,0
1535118200,s1-eth1,1222452.00,26664.00,1249116.00,26664,1222452,422.00,404.00,826.00,404,422,0.00,0.00,0,0
1535118200,s2-eth2,26664.00,1222452.00,1249116.00,1222452,26664,404.00,422.00,826.00,422,404,0.00,0.00,0,0
1535118200,eth0,42.00,42.00,84.00,42,42,1.00,1.00,2.00,1,1,0.00,0.00,0,0
1535118200,total,3747258.00,3747324.00,7494582.00,3747324,3747258,2477.00,2478.00,4955.00,2478,2477,0.00,0.00,0,0
1535118201,s3-eth1,1223900.00,26664.00,1250564.00,26664,1223900,422.00,404.00,826.00,404,422,0.00,0.00,0,0
1535118201,s1-eth2,26664.00,1223900.00,1250564.00,1223900,26664,404.00,422.00,826.00,422,404,0.00,0.00,0,0
1535118201,s2-eth1,1223900.00,26664.00,1250564.00,26664,1223900,422.00,404.00,826.00,404,422,0.00,0.00,0,0
1535118201,lo,344.00,344.00,688.00,344,344,6.00,6.00,12.00,6,6,0.00,0.00,0,0
1535118201,s3-eth2,26664.00,1223900.00,1250564.00,1223900,26664,404.00,422.00,826.00,422,404,0.00,0.00,0,0
1535118201,s1-eth1,1223900.00,26664.00,1250564.00,26664,1223900,422.00,404.00,826.00,404,422,0.00,0.00,0,0
1535118201,s2-eth2,26664.00,1223900.00,1250564.00,1223900,26664,404.00,422.00,826.00,422,404,0.00,0.00,0,0
1535118201,eth0,0.00,0.00,0.00,0,0,0.00,0.00,0.00,0,0,0.00,0.00,0,0
1535118201,total,3752036.00,3752036.00,7504072.00,3752036,3752036,2484.00,2484.00,4968.00,2484,2484,0.00,0.00,0,0
1535118202,s3-eth1,1223900.00,26664.00,1250564.00,26664,1223900,422.00,404.00,826.00,404,422,0.00,0.00,0,0
1535118202,s1-eth2,26664.00,1223900.00,1250564.00,1223900,26664,404.00,422.00,826.00,422,404,0.00,0.00,0,0
1535118202,s2-eth1,1223900.00,26664.00,1250564.00,26664,1223900,422.00,404.00,826.00,404,422,0.00,0.00,0,0
1535118202,lo,172.00,172.00,344.00,172,172,3.00,3.00,6.00,3,3,0.00,0.00,0,0
1535118202,s3-eth2,26664.00,1223900.00,1250564.00,1223900,26664,404.00,422.00,826.00,422,404,0.00,0.00,0,0
1535118202,s1-eth1,1223900.00,26664.00,1250564.00,26664,1223900,422.00,404.00,826.00,404,422,0.00,0.00,0,0
1535118202,s2-eth2,26664.00,1223900.00,1250564.00,1223900,26664,404.00,422.00,826.00,422,404,0.00,0.00,0,0
1535118202,eth0,0.00,0.00,0.00,0,0,0.00,0.00,0.00,0,0,0.00,0.00,0,0
1535118202,total,3751864.00,3751864.00,7503728.00,3751864,3751864,2481.00,2481.00,4962.00,2481,2481,0.00,0.00,0,0
1535118203,s3-eth1,1222452.00,26598.00,1249050.00,26598,1222452,422.00,403.00,825.00,403,422,0.00,0.00,0,0
1535118203,s1-eth2,26664.00,1222452.00,1249116.00,1222452,26664,404.00,422.00,826.00,422,404,0.00,0.00,0,0
1535118203,s2-eth1,1222452.00,26664.00,1249116.00,26664,1222452,422.00,404.00,826.00,404,422,0.00,0.00,0,0
1535118203,lo,0.00,0.00,0.00,0,0,0.00,0.00,0.00,0,0,0.00,0.00,0,0
1535118203,s3-eth2,26664.00,1222452.00,1249116.00,1222452,26664,404.00,422.00,826.00,422,404,0.00,0.00,0,0
1535118203,s1-eth1,1222452.00,26598.00,1249050.00,26598,1222452,422.00,403.00,825.00,403,422,0.00,0.00,0,0
1535118203,s2-eth2,26598.00,1222452.00,1249050.00,1222452,26598,403.00,422.00,825.00,422,403,0.00,0.00,0,0
1535118203,eth0,0.00,0.00,0.00,0,0,0.00,0.00,0.00,0,0,0.00,0.00,0,0
1535118203,total,3747282.00,3747216.00,7494498.00,3747216,3747282,2477.00,2476.00,4953.00,2476,2477,0.00,0.00,0,0
1535118204,s3-eth1,1223900.00,26664.00,1250564.00,26664,1223900,422.00,404.00,826.00,404,422,0.00,0.00,0,0
1535118204,s1-eth2,26664.00,1223900.00,1250564.00,1223900,26664,404.00,422.00,826.00,422,404,0.00,0.00,0,0
1535118204,s2-eth1,1223900.00,26664.00,1250564.00,26664,1223900,422.00,404.00,826.00,404,422,0.00,0.00,0,0
1535118204,lo,0.00,0.00,0.00,0,0,0.00,0.00,0.00,0,0,0.00,0.00,0,0
1535118204,s3-eth2,26664.00,1223900.00,1250564.00,1223900,26664,404.00,422.00,826.00,422,404,0.00,0.00,0,0
1535118204,s1-eth1,1223900.00,26664.00,1250564.00,26664,1223900,422.00,404.00,826.00,404,422,0.00,0.00,0,0
1535118204,s2-eth2,26664.00,1223900.00,1250564.00,1223900,26664,404.00,422.00,826.00,422,404,0.00,0.00,0,0
1535118204,eth0,0.00,0.00,0.00,0,0,0.00,0.00,0.00,0,0,0.00,0.00,0,0
1535118204,total,3751692.00,3751692.00,7503384.00,3751692,3751692,2478.00,2478.00,4956.00,2478,2478,0.00,0.00,0,0
1535118205,s3-eth1,1225550.00,25674.00,1251224.00,25674,1225550,447.00,389.00,836.00,389,447,0.00,0.00,0,0
1535118205,s1-eth2,25608.00,1225550.00,1251158.00,1225550,25608,388.00,447.00,835.00,447,388,0.00,0.00,0,0
1535118205,s2-eth1,1225550.00,25608.00,1251158.00,25608,1225550,447.00,388.00,835.00,388,447,0.00,0.00,0,0
1535118205,lo,0.00,0.00,0.00,0,0,0.00,0.00,0.00,0,0,0.00,0.00,0,0
1535118205,s3-eth2,25674.00,1227064.00,1252738.00,1227064,25674,389.00,448.00,837.00,448,389,0.00,0.00,0,0
1535118205,s1-eth1,1225550.00,25674.00,1251224.00,25674,1225550,447.00,389.00,836.00,389,447,0.00,0.00,0,0
1535118205,s2-eth2,25674.00,1225550.00,1251224.00,1225550,25674,389.00,447.00,836.00,447,389,0.00,0.00,0,0
1535118205,eth0,0.00,0.00,0.00,0,0,0.00,0.00,0.00,0,0,0.00,0.00,0,0
1535118205,total,3753606.00,3755120.00,7508726.00,3755120,3753606,2507.00,2508.00,5015.00,2508,2507,0.00,0.00,0,0
1535118206,s3-eth1,1225414.00,26598.00,1252012.00,26598,1225414,423.00,403.00,826.00,403,423,0.00,0.00,0,0
1535118206,s1-eth2,26664.00,1225414.00,1252078.00,1225414,26664,404.00,423.00,827.00,423,404,0.00,0.00,0,0
1535118206,s2-eth1,1225414.00,26664.00,1252078.00,26664,1225414,423.00,404.00,827.00,404,423,0.00,0.00,0,0
1535118206,lo,344.00,344.00,688.00,344,344,6.00,6.00,12.00,6,6,0.00,0.00,0,0
1535118206,s3-eth2,26598.00,1223900.00,1250498.00,1223900,26598,403.00,422.00,825.00,422,403,0.00,0.00,0,0
1535118206,s1-eth1,1225414.00,26598.00,1252012.00,26598,1225414,423.00,403.00,826.00,403,423,0.00,0.00,0,0
1535118206,s2-eth2,26598.00,1225414.00,1252012.00,1225414,26598,403.00,423.00,826.00,423,403,0.00,0.00,0,0
1535118206,eth0,0.00,0.00,0.00,0,0,0.00,0.00,0.00,0,0,0.00,0.00,0,0
1535118206,total,3756446.00,3754932.00,7511378.00,3754932,3756446,2485.00,2484.00,4969.00,2484,2485,0.00,0.00,0,0
1535118207,s3-eth1,1223900.00,26664.00,1250564.00,26664,1223900,422.00,404.00,826.00,404,422,0.00,0.00,0,0
1535118207,s1-eth2,26664.00,1223900.00,1250564.00,1223900,26664,404.00,422.00,826.00,422,404,0.00,0.00,0,0
1535118207,s2-eth1,1223900.00,26664.00,1250564.00,26664,1223900,422.00,404.00,826.00,404,422,0.00,0.00,0,0
1535118207,lo,172.00,172.00,344.00,172,172,3.00,3.00,6.00,3,3,0.00,0.00,0,0
1535118207,s3-eth2,26664.00,1223900.00,1250564.00,1223900,26664,404.00,422.00,826.00,422,404,0.00,0.00,0,0
1535118207,s1-eth1,1223900.00,26664.00,1250564.00,26664,1223900,422.00,404.00,826.00,404,422,0.00,0.00,0,0
1535118207,s2-eth2,26664.00,1223900.00,1250564.00,1223900,26664,404.00,422.00,826.00,422,404,0.00,0.00,0,0
1535118207,eth0,0.00,0.00,0.00,0,0,0.00,0.00,0.00,0,0,0.00,0.00,0,0
1535118207,total,3751864.00,3751864.00,7503728.00,3751864,3751864,2481.00,2481.00,4962.00,2481,2481,0.00,0.00,0,0
1535118208,s3-eth1,1222452.00,26664.00,1249116.00,26664,1222452,422.00,404.00,826.00,404,422,0.00,0.00,0,0
1535118208,s1-eth2,26664.00,1222452.00,1249116.00,1222452,26664,404.00,422.00,826.00,422,404,0.00,0.00,0,0
1535118208,s2-eth1,1222452.00,26664.00,1249116.00,26664,1222452,422.00,404.00,826.00,404,422,0.00,0.00,0,0
1535118208,lo,0.00,0.00,0.00,0,0,0.00,0.00,0.00,0,0,0.00,0.00,0,0
1535118208,s3-eth2,26664.00,1222452.00,1249116.00,1222452,26664,404.00,422.00,826.00,422,404,0.00,0.00,0,0
1535118208,s1-eth1,1223900.00,26664.00,1250564.00,26664,1223900,422.00,404.00,826.00,404,422,0.00,0.00,0,0
1535118208,s2-eth2,26664.00,1222452.00,1249116.00,1222452,26664,404.00,422.00,826.00,422,404,0.00,0.00,0,0
1535118208,eth0,0.00,0.00,0.00,0,0,0.00,0.00,0.00,0,0,0.00,0.00,0,0
1535118208,total,3748796.00,3747348.00,7496144.00,3747348,3748796,2478.00,2478.00,4956.00,2478,2478,0.00,0.00,0,0
1535118209,s3-eth1,1223900.00,26664.00,1250564.00,26664,1223900,422.00,404.00,826.00,404,422,0.00,0.00,0,0
1535118209,s1-eth2,26598.00,1223900.00,1250498.00,1223900,26598,403.00,422.00,825.00,422,403,0.00,0.00,0,0
1535118209,s2-eth1,1223900.00,26598.00,1250498.00,26598,1223900,422.00,403.00,825.00,403,422,0.00,0.00,0,0
1535118209,lo,0.00,0.00,0.00,0,0,0.00,0.00,0.00,0,0,0.00,0.00,0,0
1535118209,s3-eth2,26598.00,1223900.00,1250498.00,1223900,26598,403.00,422.00,825.00,422,403,0.00,0.00,0,0
1535118209,s1-eth1,1222452.00,26664.00,1249116.00,26664,1222452,422.00,404.00,826.00,404,422,0.00,0.00,0,0
1535118209,s2-eth2,26664.00,1223900.00,1250564.00,1223900,26664,404.00,422.00,826.00,422,404,0.00,0.00,0,0
1535118209,eth0,0.00,0.00,0.00,0,0,0.00,0.00,0.00,0,0,0.00,0.00,0,0
1535118209,total,3750112.00,3751626.00,7501738.00,3751626,3750112,2476.00,2477.00,4953.00,2477,2476,0.00,0.00,0,0
1535118210,s3-eth1,1217976.00,26532.00,1244508.00,26532,1217976,420.00,402.00,822.00,402,420,0.00,0.00,0,0
1535118210,s1-eth2,26598.00,1217976.00,1244574.00,1217976,26598,403.00,420.00,823.00,420,403,0.00,0.00,0,0
1535118210,s2-eth1,1217976.00,26598.00,1244574.00,26598,1217976,420.00,403.00,823.00,403,420,0.00,0.00,0,0
1535118210,lo,0.00,0.00,0.00,0,0,0.00,0.00,0.00,0,0,0.00,0.00,0,0
1535118210,s3-eth2,26598.00,1217976.00,1244574.00,1217976,26598,403.00,420.00,823.00,420,403,0.00,0.00,0,0
1535118210,s1-eth1,1217976.00,26532.00,1244508.00,26532,1217976,420.00,402.00,822.00,402,420,0.00,0.00,0,0
1535118210,s2-eth2,26532.00,1217976.00,1244508.00,1217976,26532,402.00,420.00,822.00,420,402,0.00,0.00,0,0
1535118210,eth0,0.00,0.00,0.00,0,0,0.00,0.00,0.00,0,0,0.00,0.00,0,0
1535118210,total,3733656.00,3733590.00,7467246.00,3733590,3733656,2468.00,2467.00,4935.00,2467,2468,0.00,0.00,0,0
1535118211,s3-eth1,1225612.00,26532.00,1252144.00,26532,1225612,426.00,402.00,828.00,402,426,0.00,0.00,0,0
1535118211,s1-eth2,26466.00,1224098.00,1250564.00,1224098,26466,401.00,425.00,826.00,425,401,0.00,0.00,0,0
1535118211,s2-eth1,1224098.00,26466.00,1250564.00,26466,1224098,425.00,401.00,826.00,401,425,0.00,0.00,0,0
1535118211,lo,344.00,344.00,688.00,344,344,6.00,6.00,12.00,6,6,0.00,0.00,0,0
1535118211,s3-eth2,26532.00,1225612.00,1252144.00,1225612,26532,402.00,426.00,828.00,426,402,0.00,0.00,0,0
1535118211,s1-eth1,1224098.00,26532.00,1250630.00,26532,1224098,425.00,402.00,827.00,402,425,0.00,0.00,0,0
1535118211,s2-eth2,26532.00,1225612.00,1252144.00,1225612,26532,402.00,426.00,828.00,426,402,0.00,0.00,0,0
1535118211,eth0,0.00,0.00,0.00,0,0,0.00,0.00,0.00,0,0,0.00,0.00,0,0
1535118211,total,3753682.00,3755196.00,7508878.00,3755196,3753682,2487.00,2488.00,4975.00,2488,2487,0.00,0.00,0,0
1535118212,s3-eth1,1224824.00,25938.00,1250762.00,25938,1224824,436.00,393.00,829.00,393,436,0.00,0.00,0,0
1535118212,s1-eth2,26004.00,1226338.00,1252342.00,1226338,26004,394.00,437.00,831.00,437,394,0.00,0.00,0,0
1535118212,s2-eth1,1226338.00,26004.00,1252342.00,26004,1226338,437.00,394.00,831.00,394,437,0.00,0.00,0,0
1535118212,lo,172.00,172.00,344.00,172,172,3.00,3.00,6.00,3,3,0.00,0.00,0,0
1535118212,s3-eth2,25938.00,1224824.00,1250762.00,1224824,25938,393.00,436.00,829.00,436,393,0.00,0.00,0,0
1535118212,s1-eth1,1226338.00,25938.00,1252276.00,25938,1226338,437.00,393.00,830.00,393,437,0.00,0.00,0,0
1535118212,s2-eth2,25938.00,1224824.00,1250762.00,1224824,25938,393.00,436.00,829.00,436,393,0.00,0.00,0,0
1535118212,eth0,0.00,0.00,0.00,0,0,0.00,0.00,0.00,0,0,0.00,0.00,0,0
1535118212,total,3755552.00,3754038.00,7509590.00,3754038,3755552,2493.00,2492.00,4985.00,2492,2493,0.00,0.00,0,0
1535118213,s3-eth1,1223900.00,26664.00,1250564.00,26664,1223900,422.00,404.00,826.00,404,422,0.00,0.00,0,0
1535118213,s1-eth2,26664.00,1223900.00,1250564.00,1223900,26664,404.00,422.00,826.00,422,404,0.00,0.00,0,0
1535118213,s2-eth1,1223900.00,26664.00,1250564.00,26664,1223900,422.00,404.00,826.00,404,422,0.00,0.00,0,0
1535118213,lo,0.00,0.00,0.00,0,0,0.00,0.00,0.00,0,0,0.00,0.00,0,0
1535118213,s3-eth2,26664.00,1223900.00,1250564.00,1223900,26664,404.00,422.00,826.00,422,404,0.00,0.00,0,0
1535118213,s1-eth1,1223900.00,26664.00,1250564.00,26664,1223900,422.00,404.00,826.00,404,422,0.00,0.00,0,0
1535118213,s2-eth2,26664.00,1223900.00,1250564.00,1223900,26664,404.00,422.00,826.00,422,404,0.00,0.00,0,0
1535118213,eth0,0.00,0.00,0.00,0,0,0.00,0.00,0.00,0,0,0.00,0.00,0,0
1535118213,total,3751692.00,3751692.00,7503384.00,3751692,3751692,2478.00,2478.00,4956.00,2478,2478,0.00,0.00,0,0
1535118214,s3-eth1,1222494.00,26706.00,1249200.00,26706,1222494,423.00,405.00,828.00,405,423,0.00,0.00,0,0
1535118214,s1-eth2,26706.00,1222494.00,1249200.00,1222494,26706,405.00,423.00,828.00,423,405,0.00,0.00,0,0
1535118214,s2-eth1,1222494.00,26706.00,1249200.00,26706,1222494,423.00,405.00,828.00,405,423,0.00,0.00,0,0
1535118214,lo,888.00,888.00,1776.00,888,888,9.00,9.00,18.00,9,9,0.00,0.00,0,0
1535118214,s3-eth2,26706.00,1222494.00,1249200.00,1222494,26706,405.00,423.00,828.00,423,405,0.00,0.00,0,0
1535118214,s1-eth1,1222494.00,26706.00,1249200.00,26706,1222494,423.00,405.00,828.00,405,423,0.00,0.00,0,0
1535118214,s2-eth2,26706.00,1222494.00,1249200.00,1222494,26706,405.00,423.00,828.00,423,405,0.00,0.00,0,0
1535118214,eth0,0.00,0.00,0.00,0,0,0.00,0.00,0.00,0,0,0.00,0.00,0,0
1535118214,total,3748488.00,3748488.00,7496976.00,3748488,3748488,2493.00,2493.00,4986.00,2493,2493,0.00,0.00,0,0
1535118215,s3-eth1,1223900.00,26664.00,1250564.00,26664,1223900,422.00,404.00,826.00,404,422,0.00,0.00,0,0
1535118215,s1-eth2,26598.00,1223900.00,1250498.00,1223900,26598,403.00,422.00,825.00,422,403,0.00,0.00,0,0
1535118215,s2-eth1,1223900.00,26598.00,1250498.00,26598,1223900,422.00,403.00,825.00,403,422,0.00,0.00,0,0
1535118215,lo,0.00,0.00,0.00,0,0,0.00,0.00,0.00,0,0,0.00,0.00,0,0
1535118215,s3-eth2,26598.00,1223900.00,1250498.00,1223900,26598,403.00,422.00,825.00,422,403,0.00,0.00,0,0
1535118215,s1-eth1,1223900.00,26664.00,1250564.00,26664,1223900,422.00,404.00,826.00,404,422,0.00,0.00,0,0
1535118215,s2-eth2,26664.00,1223900.00,1250564.00,1223900,26664,404.00,422.00,826.00,422,404,0.00,0.00,0,0
1535118215,eth0,0.00,0.00,0.00,0,0,0.00,0.00,0.00,0,0,0.00,0.00,0,0
1535118215,total,3751560.00,3751626.00,7503186.00,3751626,3751560,2476.00,2477.00,4953.00,2477,2476,0.00,0.00,0,0
1535118216,s3-eth1,1223900.00,26664.00,1250564.00,26664,1223900,422.00,404.00,826.00,404,422,0.00,0.00,0,0
1535118216,s1-eth2,26664.00,1223900.00,1250564.00,1223900,26664,404.00,422.00,826.00,422,404,0.00,0.00,0,0
1535118216,s2-eth1,1223900.00,26664.00,1250564.00,26664,1223900,422.00,404.00,826.00,404,422,0.00,0.00,0,0
1535118216,lo,0.00,0.00,0.00,0,0,0.00,0.00,0.00,0,0,0.00,0.00,0,0
1535118216,s3-eth2,26664.00,1223900.00,1250564.00,1223900,26664,404.00,422.00,826.00,422,404,0.00,0.00,0,0
1535118216,s1-eth1,1223900.00,26664.00,1250564.00,26664,1223900,422.00,404.00,826.00,404,422,0.00,0.00,0,0
1535118216,s2-eth2,26664.00,1223900.00,1250564.00,1223900,26664,404.00,422.00,826.00,422,404,0.00,0.00,0,0
1535118216,eth0,0.00,0.00,0.00,0,0,0.00,0.00,0.00,0,0,0.00,0.00,0,0
1535118216,total,3751692.00,3751692.00,7503384.00,3751692,3751692,2478.00,2478.00,4956.00,2478,2478,0.00,0.00,0,0
1535118217,s3-eth1,1222452.00,26598.00,1249050.00,26598,1222452,422.00,403.00,825.00,403,422,0.00,0.00,0,0
1535118217,s1-eth2,26664.00,1222452.00,1249116.00,1222452,26664,404.00,422.00,826.00,422,404,0.00,0.00,0,0
1535118217,s2-eth1,1222452.00,26664.00,1249116.00,26664,1222452,422.00,404.00,826.00,404,422,0.00,0.00,0,0
1535118217,lo,0.00,0.00,0.00,0,0,0.00,0.00,0.00,0,0,0.00,0.00,0,0
1535118217,s3-eth2,26664.00,1222452.00,1249116.00,1222452,26664,404.00,422.00,826.00,422,404,0.00,0.00,0,0
1535118217,s1-eth1,1222452.00,26598.00,1249050.00,26598,1222452,422.00,403.00,825.00,403,422,0.00,0.00,0,0
1535118217,s2-eth2,26598.00,1222452.00,1249050.00,1222452,26598,403.00,422.00,825.00,422,403,0.00,0.00,0,0
1535118217,eth0,0.00,0.00,0.00,0,0,0.00,0.00,0.00,0,0,0.00,0.00,0,0
1535118217,total,3747282.00,3747216.00,7494498.00,3747216,3747282,2477.00,2476.00,4953.00,2476,2477,0.00,0.00,0,0
1535118218,s3-eth1,1225352.00,25674.00,1251026.00,25674,1225352,444.00,389.00,833.00,389,444,0.00,0.00,0,0
1535118218,s1-eth2,25608.00,1225352.00,1250960.00,1225352,25608,388.00,444.00,832.00,444,388,0.00,0.00,0,0
1535118218,s2-eth1,1225352.00,25608.00,1250960.00,25608,1225352,444.00,388.00,832.00,388,444,0.00,0.00,0,0
1535118218,lo,0.00,0.00,0.00,0,0,0.00,0.00,0.00,0,0,0.00,0.00,0,0
1535118218,s3-eth2,25674.00,1225352.00,1251026.00,1225352,25674,389.00,444.00,833.00,444,389,0.00,0.00,0,0
1535118218,s1-eth1,1225352.00,25674.00,1251026.00,25674,1225352,444.00,389.00,833.00,389,444,0.00,0.00,0,0
1535118218,s2-eth2,25674.00,1225352.00,1251026.00,1225352,25674,389.00,444.00,833.00,444,389,0.00,0.00,0,0
1535118218,eth0,0.00,0.00,0.00,0,0,0.00,0.00,0.00,0,0,0.00,0.00,0,0
1535118218,total,3753012.00,3753012.00,7506024.00,3753012,3753012,2498.00,2498.00,4996.00,2498,2498,0.00,0.00,0,0
1535118219,s3-eth1,1223900.00,26664.00,1250564.00,26664,1223900,422.00,404.00,826.00,404,422,0.00,0.00,0,0
1535118219,s1-eth2,26664.00,1223900.00,1250564.00,1223900,26664,404.00,422.00,826.00,422,404,0.00,0.00,0,0
1535118219,s2-eth1,1223900.00,26664.00,1250564.00,26664,1223900,422.00,404.00,826.00,404,422,0.00,0.00,0,0
1535118219,lo,516.00,516.00,1032.00,516,516,9.00,9.00,18.00,9,9,0.00,0.00,0,0
1535118219,s3-eth2,26664.00,1223900.00,1250564.00,1223900,26664,404.00,422.00,826.00,422,404,0.00,0.00,0,0
1535118219,s1-eth1,1223900.00,26664.00,1250564.00,26664,1223900,422.00,404.00,826.00,404,422,0.00,0.00,0,0
1535118219,s2-eth2,26664.00,1223900.00,1250564.00,1223900,26664,404.00,422.00,826.00,422,404,0.00,0.00,0,0
1535118219,eth0,0.00,0.00,0.00,0,0,0.00,0.00,0.00,0,0,0.00,0.00,0,0
1535118219,total,3752208.00,3752208.00,7504416.00,3752208,3752208,2487.00,2487.00,4974.00,2487,2487,0.00,0.00,0,0
1535118220,s3-eth1,1225414.00,26598.00,1252012.00,26598,1225414,423.00,403.00,826.00,403,423,0.00,0.00,0,0
1535118220,s1-eth2,26664.00,1225414.00,1252078.00,1225414,26664,404.00,423.00,827.00,423,404,0.00,0.00,0,0
1535118220,s2-eth1,1225414.00,26664.00,1252078.00,26664,1225414,423.00,404.00,827.00,404,423,0.00,0.00,0,0
1535118220,lo,0.00,0.00,0.00,0,0,0.00,0.00,0.00,0,0,0.00,0.00,0,0
1535118220,s3-eth2,26598.00,1225414.00,1252012.00,1225414,26598,403.00,423.00,826.00,423,403,0.00,0.00,0,0
1535118220,s1-eth1,1225414.00,26598.00,1252012.00,26598,1225414,423.00,403.00,826.00,403,423,0.00,0.00,0,0
1535118220,s2-eth2,26598.00,1225414.00,1252012.00,1225414,26598,403.00,423.00,826.00,423,403,0.00,0.00,0,0
1535118220,eth0,0.00,0.00,0.00,0,0,0.00,0.00,0.00,0,0,0.00,0.00,0,0
1535118220,total,3756102.00,3756102.00,7512204.00,3756102,3756102,2479.00,2479.00,4958.00,2479,2479,0.00,0.00,0,0
1535118221,s3-eth1,1223900.00,26664.00,1250564.00,26664,1223900,422.00,404.00,826.00,404,422,0.00,0.00,0,0
1535118221,s1-eth2,26664.00,1223900.00,1250564.00,1223900,26664,404.00,422.00,826.00,422,404,0.00,0.00,0,0
1535118221,s2-eth1,1223900.00,26664.00,1250564.00,26664,1223900,422.00,404.00,826.00,404,422,0.00,0.00,0,0
1535118221,lo,0.00,0.00,0.00,0,0,0.00,0.00,0.00,0,0,0.00,0.00,0,0
1535118221,s3-eth2,26664.00,1223900.00,1250564.00,1223900,26664,404.00,422.00,826.00,422,404,0.00,0.00,0,0
1535118221,s1-eth1,1223900.00,26664.00,1250564.00,26664,1223900,422.00,404.00,826.00,404,422,0.00,0.00,0,0
1535118221,s2-eth2,26664.00,1223900.00,1250564.00,1223900,26664,404.00,422.00,826.00,422,404,0.00,0.00,0,0
1535118221,eth0,0.00,0.00,0.00,0,0,0.00,0.00,0.00,0,0,0.00,0.00,0,0
1535118221,total,3751692.00,3751692.00,7503384.00,3751692,3751692,2478.00,2478.00,4956.00,2478,2478,0.00,0.00,0,0
1535118222,s3-eth1,1223900.00,26664.00,1250564.00,26664,1223900,422.00,404.00,826.00,404,422,0.00,0.00,0,0
1535118222,s1-eth2,26664.00,1223900.00,1250564.00,1223900,26664,404.00,422.00,826.00,422,404,0.00,0.00,0,0
1535118222,s2-eth1,1223900.00,26664.00,1250564.00,26664,1223900,422.00,404.00,826.00,404,422,0.00,0.00,0,0
1535118222,lo,0.00,0.00,0.00,0,0,0.00,0.00,0.00,0,0,0.00,0.00,0,0
1535118222,s3-eth2,26664.00,1223900.00,1250564.00,1223900,26664,404.00,422.00,826.00,422,404,0.00,0.00,0,0
1535118222,s1-eth1,1223900.00,26664.00,1250564.00,26664,1223900,422.00,404.00,826.00,404,422,0.00,0.00,0,0
1535118222,s2-eth2,26664.00,1223900.00,1250564.00,1223900,26664,404.00,422.00,826.00,422,404,0.00,0.00,0,0
1535118222,eth0,0.00,0.00,0.00,0,0,0.00,0.00,0.00,0,0,0.00,0.00,0,0
1535118222,total,3751692.00,3751692.00,7503384.00,3751692,3751692,2478.00,2478.00,4956.00,2478,2478,0.00,0.00,0,0
1535118223,s3-eth1,1222452.00,26664.00,1249116.00,26664,1222452,422.00,404.00,826.00,404,422,0.00,0.00,0,0
1535118223,s1-eth2,26598.00,1222452.00,1249050.00,1222452,26598,403.00,422.00,825.00,422,403,0.00,0.00,0,0
1535118223,s2-eth1,1222452.00,26598.00,1249050.00,26598,1222452,422.00,403.00,825.00,403,422,0.00,0.00,0,0
1535118223,lo,0.00,0.00,0.00,0,0,0.00,0.00,0.00,0,0,0.00,0.00,0,0
1535118223,s3-eth2,26598.00,1222452.00,1249050.00,1222452,26598,403.00,422.00,825.00,422,403,0.00,0.00,0,0
1535118223,s1-eth1,1222452.00,26664.00,1249116.00,26664,1222452,422.00,404.00,826.00,404,422,0.00,0.00,0,0
1535118223,s2-eth2,26664.00,1222452.00,1249116.00,1222452,26664,404.00,422.00,826.00,422,404,0.00,0.00,0,0
1535118223,eth0,0.00,0.00,0.00,0,0,0.00,0.00,0.00,0,0,0.00,0.00,0,0
1535118223,total,3747216.00,3747282.00,7494498.00,3747282,3747216,2476.00,2477.00,4953.00,2477,2476,0.00,0.00,0,0
1535118224,s3-eth1,1225480.00,26598.00,1252078.00,26598,1225480,424.00,403.00,827.00,403,424,0.00,0.00,0,0
1535118224,s1-eth2,26598.00,1225480.00,1252078.00,1225480,26598,403.00,424.00,827.00,424,403,0.00,0.00,0,0
1535118224,s2-eth1,1225480.00,26598.00,1252078.00,26598,1225480,424.00,403.00,827.00,403,424,0.00,0.00,0,0
1535118224,lo,516.00,516.00,1032.00,516,516,9.00,9.00,18.00,9,9,0.00,0.00,0,0
1535118224,s3-eth2,26598.00,1224032.00,1250630.00,1224032,26598,403.00,424.00,827.00,424,403,0.00,0.00,0,0
1535118224,s1-eth1,1223966.00,26598.00,1250564.00,26598,1223966,423.00,403.00,826.00,403,423,0.00,0.00,0,0
1535118224,s2-eth2,26598.00,1225480.00,1252078.00,1225480,26598,403.00,424.00,827.00,424,403,0.00,0.00,0,0
1535118224,eth0,0.00,0.00,0.00,0,0,0.00,0.00,0.00,0,0,0.00,0.00,0,0
1535118224,total,3755236.00,3755302.00,7510538.00,3755302,3755236,2489.00,2490.00,4979.00,2490,2489,0.00,0.00,0,0
1535118225,s3-eth1,1223376.00,25674.00,1249050.00,25674,1223376,436.00,389.00,825.00,389,436,0.00,0.00,0,0
1535118225,s1-eth2,25740.00,1223376.00,1249116.00,1223376,25740,390.00,436.00,826.00,436,390,0.00,0.00,0,0
1535118225,s2-eth1,1223376.00,25740.00,1249116.00,25740,1223376,436.00,390.00,826.00,390,436,0.00,0.00,0,0
1535118225,lo,0.00,0.00,0.00,0,0,0.00,0.00,0.00,0,0,0.00,0.00,0,0
1535118225,s3-eth2,25740.00,1223376.00,1249116.00,1223376,25740,390.00,436.00,826.00,436,390,0.00,0.00,0,0
1535118225,s1-eth1,1224890.00,25674.00,1250564.00,25674,1224890,437.00,389.00,826.00,389,437,0.00,0.00,0,0
1535118225,s2-eth2,25674.00,1223376.00,1249050.00,1223376,25674,389.00,436.00,825.00,436,389,0.00,0.00,0,0
1535118225,eth0,0.00,0.00,0.00,0,0,0.00,0.00,0.00,0,0,0.00,0.00,0,0
1535118225,total,3748796.00,3747216.00,7496012.00,3747216,3748796,2478.00,2476.00,4954.00,2476,2478,0.00,0.00,0,0
1535118226,s3-eth1,1222452.00,26664.00,1249116.00,26664,1222452,422.00,404.00,826.00,404,422,0.00,0.00,0,0
1535118226,s1-eth2,26598.00,1222452.00,1249050.00,1222452,26598,403.00,422.00,825.00,422,403,0.00,0.00,0,0
1535118226,s2-eth1,1222452.00,26598.00,1249050.00,26598,1222452,422.00,403.00,825.00,403,422,0.00,0.00,0,0
1535118226,lo,0.00,0.00,0.00,0,0,0.00,0.00,0.00,0,0,0.00,0.00,0,0
1535118226,s3-eth2,26598.00,1223900.00,1250498.00,1223900,26598,403.00,422.00,825.00,422,403,0.00,0.00,0,0
1535118226,s1-eth1,1222452.00,26664.00,1249116.00,26664,1222452,422.00,404.00,826.00,404,422,0.00,0.00,0,0
1535118226,s2-eth2,26664.00,1222452.00,1249116.00,1222452,26664,404.00,422.00,826.00,422,404,0.00,0.00,0,0
1535118226,eth0,0.00,0.00,0.00,0,0,0.00,0.00,0.00,0,0,0.00,0.00,0,0
1535118226,total,3747216.00,3748730.00,7495946.00,3748730,3747216,2476.00,2477.00,4953.00,2477,2476,0.00,0.00,0,0
1535118227,s3-eth1,1223900.00,26664.00,1250564.00,26664,1223900,422.00,404.00,826.00,404,422,0.00,0.00,0,0
1535118227,s1-eth2,26664.00,1223900.00,1250564.00,1223900,26664,404.00,422.00,826.00,422,404,0.00,0.00,0,0
1535118227,s2-eth1,1223900.00,26664.00,1250564.00,26664,1223900,422.00,404.00,826.00,404,422,0.00,0.00,0,0
1535118227,lo,0.00,0.00,0.00,0,0,0.00,0.00,0.00,0,0,0.00,0.00,0,0
1535118227,s3-eth2,26664.00,1223900.00,1250564.00,1223900,26664,404.00,422.00,826.00,422,404,0.00,0.00,0,0
1535118227,s1-eth1,1223900.00,26664.00,1250564.00,26664,1223900,422.00,404.00,826.00,404,422,0.00,0.00,0,0
1535118227,s2-eth2,26664.00,1223900.00,1250564.00,1223900,26664,404.00,422.00,826.00,422,404,0.00,0.00,0,0
1535118227,eth0,0.00,0.00,0.00,0,0,0.00,0.00,0.00,0,0,0.00,0.00,0,0
1535118227,total,3751692.00,3751692.00,7503384.00,3751692,3751692,2478.00,2478.00,4956.00,2478,2478,0.00,0.00,0,0
1535118228,s3-eth1,1222452.00,26664.00,1249116.00,26664,1222452,422.00,404.00,826.00,404,422,0.00,0.00,0,0
1535118228,s1-eth2,26664.00,1223900.00,1250564.00,1223900,26664,404.00,422.00,826.00,422,404,0.00,0.00,0,0
1535118228,s2-eth1,1223900.00,26664.00,1250564.00,26664,1223900,422.00,404.00,826.00,404,422,0.00,0.00,0,0
1535118228,lo,0.00,0.00,0.00,0,0,0.00,0.00,0.00,0,0,0.00,0.00,0,0
1535118228,s3-eth2,26664.00,1222452.00,1249116.00,1222452,26664,404.00,422.00,826.00,422,404,0.00,0.00,0,0
1535118228,s1-eth1,1223900.00,26598.00,1250498.00,26598,1223900,422.00,403.00,825.00,403,422,0.00,0.00,0,0
1535118228,s2-eth2,26664.00,1222452.00,1249116.00,1222452,26664,404.00,422.00,826.00,422,404,0.00,0.00,0,0
1535118228,eth0,0.00,0.00,0.00,0,0,0.00,0.00,0.00,0,0,0.00,0.00,0,0
1535118228,total,3750244.00,3748730.00,7498974.00,3748730,3750244,2478.00,2477.00,4955.00,2477,2478,0.00,0.00,0,0
1535118229,s3-eth1,1223900.00,26598.00,1250498.00,26598,1223900,422.00,403.00,825.00,403,422,0.00,0.00,0,0
1535118229,s1-eth2,26598.00,1222452.00,1249050.00,1222452,26598,403.00,422.00,825.00,422,403,0.00,0.00,0,0
1535118229,s2-eth1,1222452.00,26598.00,1249050.00,26598,1222452,422.00,403.00,825.00,403,422,0.00,0.00,0,0
1535118229,lo,516.00,516.00,1032.00,516,516,9.00,9.00,18.00,9,9,0.00,0.00,0,0
1535118229,s3-eth2,26664.00,1223900.00,1250564.00,1223900,26664,404.00,422.00,826.00,422,404,0.00,0.00,0,0
1535118229,s1-eth1,1222452.00,26664.00,1249116.00,26664,1222452,422.00,404.00,826.00,404,422,0.00,0.00,0,0
1535118229,s2-eth2,26598.00,1223900.00,1250498.00,1223900,26598,403.00,422.00,825.00,422,403,0.00,0.00,0,0
1535118229,eth0,0.00,0.00,0.00,0,0,0.00,0.00,0.00,0,0,0.00,0.00,0,0
1535118229,total,3749180.00,3750628.00,7499808.00,3750628,3749180,2485.00,2485.00,4970.00,2485,2485,0.00,0.00,0,0
1535118230,s3-eth1,276402.00,6336.00,282738.00,6336,276402,97.00,96.00,193.00,96,97,0.00,0.00,0,0
1535118230,s1-eth2,6336.00,279364.00,285700.00,279364,6336,96.00,98.00,194.00,98,96,0.00,0.00,0,0
1535118230,s2-eth1,279364.00,6336.00,285700.00,6336,279364,98.00,96.00,194.00,96,98,0.00,0.00,0,0
1535118230,lo,0.00,0.00,0.00,0,0,0.00,0.00,0.00,0,0,0.00,0.00,0,0
1535118230,s3-eth2,6336.00,273440.00,279776.00,273440,6336,96.00,96.00,192.00,96,96,0.00,0.00,0,0
1535118230,s1-eth1,282326.00,6270.00,288596.00,6270,282326,99.00,95.00,194.00,95,99,0.00,0.00,0,0
1535118230,s2-eth2,6336.00,276402.00,282738.00,276402,6336,96.00,97.00,193.00,97,96,0.00,0.00,0,0
1535118230,eth0,0.00,0.00,0.00,0,0,0.00,0.00,0.00,0,0,0.00,0.00,0,0
1535118230,total,857100.00,848148.00,1705248.00,848148,857100,582.00,578.00,1160.00,578,582,0.00,0.00,0,0
1535118231,s3-eth1,0.00,0.00,0.00,0,0,0.00,0.00,0.00,0,0,0.00,0.00,0,0
1535118231,s1-eth2,0.00,0.00,0.00,0,0,0.00,0.00,0.00,0,0,0.00,0.00,0,0
1535118231,s2-eth1,0.00,0.00,0.00,0,0,0.00,0.00,0.00,0,0,0.00,0.00,0,0
1535118231,lo,0.00,0.00,0.00,0,0,0.00,0.00,0.00,0,0,0.00,0.00,0,0
1535118231,s3-eth2,0.00,0.00,0.00,0,0,0.00,0.00,0.00,0,0,0.00,0.00,0,0
1535118231,s1-eth1,0.00,0.00,0.00,0,0,0.00,0.00,0.00,0,0,0.00,0.00,0,0
1535118231,s2-eth2,0.00,0.00,0.00,0,0,0.00,0.00,0.00,0,0,0.00,0.00,0,0
1535118231,eth0,0.00,0.00,0.00,0,0,0.00,0.00,0.00,0,0,0.00,0.00,0,0
1535118231,total,0.00,0.00,0.00,0,0,0.00,0.00,0.00,0,0,0.00,0.00,0,0
1535118232,s3-eth1,0.00,0.00,0.00,0,0,0.00,0.00,0.00,0,0,0.00,0.00,0,0
1535118232,s1-eth2,0.00,0.00,0.00,0,0,0.00,0.00,0.00,0,0,0.00,0.00,0,0
1535118232,s2-eth1,0.00,0.00,0.00,0,0,0.00,0.00,0.00,0,0,0.00,0.00,0,0
1535118232,lo,0.00,0.00,0.00,0,0,0.00,0.00,0.00,0,0,0.00,0.00,0,0
1535118232,s3-eth2,0.00,0.00,0.00,0,0,0.00,0.00,0.00,0,0,0.00,0.00,0,0
1535118232,s1-eth1,0.00,0.00,0.00,0,0,0.00,0.00,0.00,0,0,0.00,0.00,0,0
1535118232,s2-eth2,0.00,0.00,0.00,0,0,0.00,0.00,0.00,0,0,0.00,0.00,0,0
1535118232,eth0,0.00,0.00,0.00,0,0,0.00,0.00,0.00,0,0,0.00,0.00,0,0
1535118232,total,0.00,0.00,0.00,0,0,0.00,0.00,0.00,0,0,0.00,0.00,0,0
1535118233,s3-eth1,0.00,0.00,0.00,0,0